293
1.895220E+00
6.576706E-01
4.127172E-01
2.669634E-01
2.019241E-01
1.519583E-01
1.269290E-01
9.824956E-02
8.836914E-02
6.947751E-02
6.502105E-02
5.347010E-02
4.962782E-02
4.246913E-02
3.891038E-02
3.434846E-02
3.189030E-02
2.863879E-02
2.671969E-02
2.415119E-02
2.253824E-02
2.065597E-02
1.911340E-02
1.770207E-02
1.627863E-02
1.519902E-02
1.394765E-02
1.307177E-02
1.205840E-02
1.125869E-02
1.042962E-02
9.717997E-03
9.024883E-03
8.411184E-03
7.812675E-03
7.282923E-03
6.765935E-03
6.308189E-03
5.861493E-03
5.465590E-03
5.079525E-03
4.736820E-03
4.403069E-03
4.106199E-03
3.817596E-03
3.560274E-03
3.310646E-03
3.087493E-03
2.871519E-03
2.677923E-03
2.491016E-03
2.323008E-03
2.161216E-03
2.015380E-03
1.875293E-03
1.748678E-03
1.627356E-03
1.517414E-03
1.412319E-03
1.316846E-03
1.225788E-03
1.142874E-03
1.063962E-03
9.919508E-04
9.235530E-04
8.610089E-04
8.017134E-04
7.473911E-04
6.959785E-04
6.487967E-04
6.042123E-04
5.632324E-04
5.245641E-04
4.889711E-04
4.554297E-04
4.245156E-04
3.954179E-04
3.685679E-04
3.433226E-04
3.200026E-04
2.980976E-04
2.778438E-04
2.588354E-04
2.412448E-04
2.247487E-04
2.094713E-04
1.951544E-04
1.818860E-04
1.694597E-04
1.579363E-04
1.471502E-04
1.371424E-04
1.277796E-04
1.190880E-04
1.109602E-04
1.034118E-04
9.635589E-05
8.980036E-05
8.367465E-05
7.798141E-05
7.266310E-05
6.771873E-05
6.310126E-05
5.880727E-05
5.479815E-05
5.106899E-05
4.758799E-05
4.434937E-05
4.132684E-05
3.851422E-05
3.588972E-05
3.344708E-05
3.116815E-05
2.904680E-05
2.706790E-05
2.522560E-05
2.350720E-05
2.190722E-05
2.041501E-05
1.902549E-05
1.772967E-05
1.652291E-05
1.539763E-05
1.434960E-05
1.337239E-05
1.246221E-05
1.161359E-05
1.082312E-05
1.008615E-05
9.399650E-06
8.759645E-06
8.163432E-06
7.607626E-06
7.089827E-06
6.607138E-06
6.157438E-06
5.738245E-06
5.347688E-06
4.983636E-06
4.644442E-06
4.328275E-06
4.033689E-06
3.759108E-06
3.503263E-06
3.264796E-06
3.042595E-06
2.835492E-06
2.642512E-06
2.462646E-06
2.295043E-06
2.138832E-06
1.993269E-06
1.857601E-06
1.731179E-06
1.613352E-06
1.503554E-06
1.401221E-06
1.305861E-06
1.216986E-06
1.134164E-06
1.056976E-06
9.850446E-07
9.180058E-07
8.555327E-07
7.973090E-07
7.430503E-07
6.924823E-07
6.453578E-07
6.014389E-07
5.605104E-07
5.223662E-07
4.868190E-07
4.536901E-07
4.228167E-07
3.940436E-07
3.672293E-07
3.422393E-07
3.189505E-07
2.972461E-07
2.770191E-07
2.581684E-07
2.406007E-07
2.242283E-07
2.089703E-07
1.947505E-07
1.814985E-07
1.691481E-07
1.576383E-07
1.469117E-07
1.369150E-07
1.275986E-07
1.189162E-07
1.108246E-07
1.032836E-07
9.625575E-08
8.970616E-08
8.360222E-08
7.791366E-08
7.261216E-08
6.767143E-08
6.306688E-08
5.877567E-08
5.477643E-08
5.104935E-08
4.757585E-08
4.433872E-08
4.132185E-08
3.851027E-08
3.589000E-08
3.344802E-08
3.117220E-08
2.905123E-08
2.707458E-08
2.523243E-08
2.351562E-08
2.191563E-08
2.042450E-08
1.903484E-08
1.773972E-08
1.653273E-08
1.540787E-08
1.435954E-08
1.338254E-08
1.247202E-08
1.162344E-08
1.083261E-08
1.009558E-08
9.408704E-09
8.768560E-09
8.171971E-09
7.615973E-09
7.097805E-09
6.614893E-09
6.164837E-09
5.745403E-09
5.354506E-09
4.990205E-09
4.650691E-09
4.334276E-09
4.039389E-09
3.764566E-09
3.508441E-09
3.269743E-09
3.047284E-09
2.839961E-09
2.646744E-09
2.466673E-09
2.298853E-09
2.142450E-09
1.996689E-09
1.860845E-09
1.734243E-09
1.616255E-09
1.506294E-09
1.403815E-09
1.308307E-09
1.219298E-09
1.136344E-09
1.059034E-09
9.869844E-10
9.198361E-10
8.572563E-10
7.989345E-10
7.445801E-10
6.939240E-10
6.467140E-10
6.027160E-10
5.617116E-10
5.234966E-10
4.878816E-10
4.546896E-10
4.237558E-10
3.949266E-10
3.680587E-10
3.430188E-10
3.196823E-10
2.979337E-10
2.776647E-10
2.587746E-10
2.411693E-10
2.247622E-10
2.094710E-10
1.952204E-10
1.819392E-10
1.695616E-10
1.580260E-10
1.472751E-10
1.372560E-10
1.279183E-10
1.192157E-10
1.111053E-10
1.035467E-10
9.650225E-11
