291
2.895220E+00
9.264706E-01
5.929412E-01
3.557647E-01
2.618428E-01
1.882232E-01
1.485871E-01
1.204396E-01
9.786248E-02
8.312248E-02
7.087586E-02
5.890366E-02
5.261826E-02
4.454057E-02
3.986877E-02
3.459140E-02
3.151832E-02
2.766514E-02
2.549468E-02
2.280307E-02
2.073773E-02
1.923316E-02
1.750522E-02
1.620781E-02
1.503261E-02
1.375446E-02
1.287701E-02
1.180791E-02
1.101334E-02
1.011185E-02
9.410852E-03
8.645313E-03
8.037899E-03
7.418190E-03
6.864323E-03
6.379614E-03
5.867271E-03
5.484864E-03
5.037955E-03
4.714992E-03
4.324083E-03
4.053135E-03
3.710549E-03
3.484451E-03
3.185588E-03
2.995980E-03
2.752636E-03
2.576467E-03
2.378446E-03
2.216185E-03
2.055124E-03
1.906745E-03
1.775800E-03
1.641077E-03
1.534512E-03
1.421385E-03
1.326091E-03
1.231153E-03
1.146063E-03
1.066419E-03
9.905565E-04
9.237593E-04
8.562265E-04
8.002101E-04
7.402364E-04
6.932074E-04
6.430622E-04
6.005321E-04
5.585759E-04
5.202630E-04
4.851345E-04
4.507373E-04
4.213054E-04
3.907315E-04
3.658396E-04
3.394634E-04
3.176484E-04
2.948786E-04
2.757838E-04
2.561157E-04
2.394198E-04
2.224234E-04
2.078374E-04
1.932963E-04
1.804108E-04
1.679671E-04
1.565956E-04
1.459437E-04
1.359180E-04
1.267974E-04
1.179676E-04
1.101545E-04
1.025019E-04
9.568927E-05
8.905550E-05
8.311823E-05
7.736653E-05
7.219444E-05
6.721431E-05
6.270293E-05
5.843328E-05
5.445663E-05
5.079492E-05
4.731760E-05
4.415144E-05
4.113135E-05
3.837396E-05
3.575088E-05
3.335018E-05
3.107186E-05
2.898225E-05
2.700332E-05
2.518490E-05
2.346601E-05
2.188391E-05
2.039086E-05
1.901464E-05
1.771776E-05
1.652081E-05
1.539432E-05
1.435346E-05
1.337497E-05
1.246996E-05
1.162003E-05
1.083323E-05
1.009498E-05
9.411032E-06
8.769788E-06
8.175300E-06
7.618319E-06
7.101637E-06
6.617850E-06
6.168827E-06
5.748620E-06
5.358424E-06
4.993445E-06
4.654390E-06
4.337382E-06
4.042783E-06
3.767445E-06
3.511486E-06
3.272341E-06
3.049965E-06
2.842258E-06
2.649067E-06
2.468667E-06
2.300836E-06
2.144154E-06
1.998359E-06
1.862278E-06
1.735631E-06
1.617442E-06
1.507430E-06
1.404782E-06
1.309223E-06
1.220073E-06
1.137070E-06
1.059643E-06
9.875475E-07
9.203031E-07
8.576825E-07
7.992814E-07
7.448915E-07
6.941711E-07
6.469308E-07
6.028810E-07
5.618509E-07
5.235945E-07
4.879587E-07
4.547340E-07
4.237835E-07
3.949287E-07
3.680478E-07
3.429881E-07
3.196418E-07
2.978782E-07
2.776020E-07
2.587009E-07
2.410910E-07
2.246761E-07
2.093820E-07
1.951261E-07
1.818434E-07
1.694626E-07
1.579267E-07
1.471744E-07
1.371557E-07
1.278177E-07
1.191166E-07
1.110068E-07
1.034501E-07
9.640704E-08
8.984417E-08
8.372749E-08
7.802778E-08
7.271564E-08
6.776556E-08
6.315213E-08
5.885310E-08
5.484647E-08
5.111286E-08
4.763322E-08
4.439066E-08
4.136868E-08
3.855259E-08
3.592809E-08
3.348237E-08
3.120306E-08
2.907900E-08
2.709947E-08
2.525477E-08
2.353560E-08
2.193351E-08
2.044044E-08
1.904906E-08
1.775236E-08
1.654397E-08
1.541781E-08
1.436834E-08
1.339029E-08
1.247884E-08
1.162942E-08
1.083783E-08
1.010013E-08
9.412644E-09
8.771953E-09
8.174882E-09
7.618449E-09
7.099899E-09
6.616641E-09
6.166284E-09
5.746578E-09
5.355446E-09
4.990934E-09
4.651238E-09
4.334661E-09
4.039635E-09
3.764689E-09
3.508459E-09
3.269669E-09
3.047134E-09
2.839744E-09
2.646472E-09
2.466354E-09
2.298496E-09
2.142063E-09
1.996278E-09
1.860415E-09
1.733799E-09
1.615801E-09
1.505835E-09
1.403353E-09
1.307846E-09
1.218839E-09
1.135891E-09
1.058587E-09
9.865453E-10
9.194064E-10
8.568369E-10
7.985260E-10
7.441834E-10
6.935393E-10
6.463419E-10
6.023567E-10
5.613651E-10
5.231630E-10
4.875609E-10
4.543818E-10
4.234608E-10
3.946439E-10
3.677882E-10
3.427603E-10
3.194355E-10
2.976980E-10
2.774400E-10
2.585604E-10
2.409657E-10
2.245684E-10
2.092869E-10
1.950455E-10
1.817730E-10
1.694039E-10
1.578765E-10
1.471335E-10
1.371216E-10
1.277909E-10
1.190954E-10
1.109914E-10
1.034390E-10
9.640044E-11
8.984086E-11
