297
3.451776E+00
1.075311E+00
6.417595E-01
4.200885E-01
2.844344E-01
2.261357E-01
1.692436E-01
1.397938E-01
1.126202E-01
9.887516E-02
8.285282E-02
7.421753E-02
6.357189E-02
5.779715E-02
5.025448E-02
4.608077E-02
4.074327E-02
3.732177E-02
3.350491E-02
3.118163E-02
2.821940E-02
2.622762E-02
2.426492E-02
2.241140E-02
2.087754E-02
1.939076E-02
1.796991E-02
1.677046E-02
1.547169E-02
1.449914E-02
1.332429E-02
1.253201E-02
1.148064E-02
1.082966E-02
9.941555E-03
9.357451E-03
8.607278E-03
8.084941E-03
7.451289E-03
6.985473E-03
6.450235E-03
6.035772E-03
5.583639E-03
5.215575E-03
4.833605E-03
4.507281E-03
4.184542E-03
3.895632E-03
3.622893E-03
3.367422E-03
3.136890E-03
2.911233E-03
2.716333E-03
2.523373E-03
2.352388E-03
2.187572E-03
2.037409E-03
1.896389E-03
1.764782E-03
1.643933E-03
1.528788E-03
1.425077E-03
1.324482E-03
1.235365E-03
1.147589E-03
1.070923E-03
9.944143E-04
9.283898E-04
8.617616E-04
8.048483E-04
7.470171E-04
6.977680E-04
6.478867E-04
6.049546E-04
5.619056E-04
5.245058E-04
4.873339E-04
4.547726E-04
4.226604E-04
3.943258E-04
3.665729E-04
3.419271E-04
3.179323E-04
2.965032E-04
2.757504E-04
2.571240E-04
2.391697E-04
2.229839E-04
2.074461E-04
1.933845E-04
1.799346E-04
1.677208E-04
1.560755E-04
1.454685E-04
1.353836E-04
1.261734E-04
1.174381E-04
1.094418E-04
1.018741E-04
9.493235E-05
8.837529E-05
8.234952E-05
7.671172E-05
7.145085E-05
6.659758E-05
6.203329E-05
5.781771E-05
5.385745E-05
5.019598E-05
4.675957E-05
4.357953E-05
4.059748E-05
3.783567E-05
3.524776E-05
3.284926E-05
3.060327E-05
2.852036E-05
2.657101E-05
2.476220E-05
2.307025E-05
2.149950E-05
2.003089E-05
1.866690E-05
1.739211E-05
1.620767E-05
1.510109E-05
1.407258E-05
1.311197E-05
1.221887E-05
1.138495E-05
1.060944E-05
9.885492E-06
9.212087E-06
8.583591E-06
7.998852E-06
7.453209E-06
6.945462E-06
6.471741E-06
6.030848E-06
5.619560E-06
5.236719E-06
4.879630E-06
4.547196E-06
4.237159E-06
3.948495E-06
3.679305E-06
3.428648E-06
3.194920E-06
2.977264E-06
2.774324E-06
2.585324E-06
2.409115E-06
2.244997E-06
2.091995E-06
1.949483E-06
1.816630E-06
1.692880E-06
1.577521E-06
1.470062E-06
1.369893E-06
1.276579E-06
1.189599E-06
1.108568E-06
1.033040E-06
9.626755E-07
8.970908E-07
8.359875E-07
7.790366E-07
7.259758E-07
6.765217E-07
6.304444E-07
5.875000E-07
5.474870E-07
5.101950E-07
4.754480E-07
4.430643E-07
4.128900E-07
3.847684E-07
3.585650E-07
3.341443E-07
3.113891E-07
2.901822E-07
2.704213E-07
2.520051E-07
2.348444E-07
2.188516E-07
2.039490E-07
1.900606E-07
1.771188E-07
1.650579E-07
1.538189E-07
1.433448E-07
1.335845E-07
1.244886E-07
1.160124E-07
1.081132E-07
1.007522E-07
9.389220E-08
8.749956E-08
8.154208E-08
7.599043E-08
7.081669E-08
6.599536E-08
6.150223E-08
5.731514E-08
5.341307E-08
4.977677E-08
4.638800E-08
4.323002E-08
4.028701E-08
3.754442E-08
3.498854E-08
3.260670E-08
3.038700E-08
2.831844E-08
2.639071E-08
2.459423E-08
2.292004E-08
2.135985E-08
1.990586E-08
1.855087E-08
1.728812E-08
1.611134E-08
1.501466E-08
1.399265E-08
1.304021E-08
1.215261E-08
1.132542E-08
1.055455E-08
9.836156E-09
9.166664E-09
8.542744E-09
7.961296E-09
7.419425E-09
6.914442E-09
6.443831E-09
6.005255E-09
5.596530E-09
5.215628E-09
4.860651E-09
4.529838E-09
4.221540E-09
3.934228E-09
3.666471E-09
3.416939E-09
3.184391E-09
2.967671E-09
2.765701E-09
2.577478E-09
2.402066E-09
2.238593E-09
2.086246E-09
1.944267E-09
1.811951E-09
1.688641E-09
1.573723E-09
1.466626E-09
1.366819E-09
1.273803E-09
1.187118E-09
1.106333E-09
1.031045E-09
9.608819E-10
8.954933E-10
8.345545E-10
7.777631E-10
7.248367E-10
6.755120E-10
6.295441E-10
5.867044E-10
5.467800E-10
5.095728E-10
4.748973E-10
4.425816E-10
4.124654E-10
3.843983E-10
3.582412E-10
3.338640E-10
3.111459E-10
2.899737E-10
2.702423E-10
2.518535E-10
2.347161E-10
2.187448E-10
2.038606E-10
1.899889E-10
1.770611E-10
1.650132E-10
1.537851E-10
1.433212E-10
1.335689E-10
1.244806E-10
1.160106E-10
1.081170E-10
1.007606E-10
9.390444E-11
8.751477E-11
