30 20
0.000000
0.000000
0.000000
0.000000
0.000000
0.000000
0.000000
0.000000
0.000000
0.000000
0.000000
0.000000
0.000000
0.000000
0.000000
0.000000
0.000000
0.000000
0.000000
0.000000
0.000000
0.185289
0.499480
1.036656
0.524029
0.245027
0.124139
0.073989
0.055786
0.054516
0.065044
0.086378
0.119009
0.163000
0.216001
0.270223
0.298319
0.209283
0.100437
0.000000
0.000000
0.341463
1.139952
4.168131
1.182954
0.444967
0.214726
0.131035
0.103118
0.104332
0.127217
0.171454
0.238803
0.327855
0.426750
0.512355
0.566413
0.376965
0.176616
0.000000
0.000000
0.257620
0.640836
1.223890
0.692550
0.376800
0.225679
0.158336
0.136619
0.145989
0.183745
0.253870
0.362701
0.507275
0.643013
0.651326
0.593465
0.405175
0.196825
0.000000
0.000000
0.166721
0.347531
0.501403
0.400721
0.284938
0.207319
0.167207
0.158128
0.177970
0.230944
0.328997
0.492584
0.738647
0.996339
0.829422
0.623399
0.405501
0.196790
0.000000
0.000000
0.114376
0.217352
0.282767
0.268205
0.226590
0.189833
0.169973
0.171650
0.199411
0.262288
0.379443
0.591413
0.977042
1.577321
1.042981
0.671866
0.409224
0.194541
0.000000
0.000000
0.097397
0.176217
0.219372
0.221731
0.203612
0.183883
0.174014
0.180925
0.210797
0.272368
0.380002
0.555208
0.813783
1.077996
0.894282
0.635081
0.397024
0.189507
0.000000
0.000000
0.111135
0.194490
0.229526
0.227755
0.209901
0.191800
0.183039
0.189612
0.216662
0.270496
0.359603
0.492684
0.666156
0.824262
0.807119
0.610599
0.386557
0.184219
0.000000
0.000000
0.156766
0.269048
0.293632
0.272162
0.239556
0.212641
0.198525
0.200757
0.222248
0.266559
0.338233
0.441692
0.576302
0.721227
0.796569
0.594611
0.369185
0.174030
0.000000
0.000000
0.233695
0.403708
0.401004
0.342599
0.284900
0.243292
0.220424
0.216485
0.231823
0.267263
0.323619
0.400359
0.492322
0.580658
0.610725
0.481668
0.311798
0.150231
0.000000
0.000000
0.311298
0.557442
0.509415
0.413542
0.333917
0.279177
0.247945
0.238294
0.248959
0.278771
0.325285
0.382659
0.439196
0.475719
0.464831
0.375100
0.251611
0.124201
0.000000
0.000000
0.298177
0.507583
0.518961
0.452733
0.377577
0.318170
0.281165
0.267432
0.276295
0.306093
0.352427
0.404490
0.441749
0.440249
0.397364
0.314507
0.212198
0.105711
0.000000
0.000000
0.296917
0.495331
0.554535
0.510288
0.434294
0.366769
0.322365
0.304805
0.314565
0.350908
0.409704
0.476284
0.514799
0.477634
0.397303
0.299077
0.197171
0.097400
0.000000
0.000000
0.335666
0.573468
0.694603
0.631893
0.523124
0.431508
0.373103
0.349680
0.361148
0.408401
0.490774
0.594356
0.661952
0.574545
0.441981
0.314011
0.200120
0.097296
0.000000
0.000000
0.380129
0.734382
1.020207
0.845327
0.647901
0.511010
0.431308
0.398984
0.409780
0.464837
0.567644
0.711794
0.831593
0.677259
0.492734
0.337487
0.210981
0.101867
0.000000
0.000000
0.421150
0.930553
1.595376
1.098863
0.772467
0.589637
0.490735
0.449016
0.454628
0.504918
0.596940
0.712195
0.781011
0.664839
0.499443
0.349130
0.222329
0.109293
0.000000
0.000000
0.363947
0.752313
1.104718
0.988510
0.796846
0.643449
0.545869
0.499488
0.498490
0.537717
0.607710
0.685377
0.718148
0.623162
0.485703
0.355140
0.238451
0.123716
0.000000
0.000000
0.303595
0.608770
0.870458
0.941185
0.829057
0.697020
0.603159
0.554629
0.548431
0.576865
0.621627
0.653004
0.645661
0.568887
0.466385
0.368108
0.273829
0.159710
0.000000
0.000000
0.263411
0.532464
0.793789
0.974289
0.872588
0.748858
0.662998
0.616886
0.611057
0.638785
0.669459
0.652239
0.603855
0.532580
0.461934
0.406436
0.356282
0.256142
0.000000
0.000000
0.231320
0.463373
0.682543
0.836246
0.825243
0.769493
0.718321
0.681880
0.681814
0.724842
0.766756
0.691284
0.596155
0.520153
0.477964
0.479137
0.519657
0.505352
0.000000
0.000000
0.212256
0.419550
0.606791
0.741348
0.788671
0.791997
0.773373
0.736161
0.731218
0.788324
0.864622
0.722141
0.588802
0.511830
0.496248
0.555683
0.730367
1.011383
0.000000
0.000000
0.214005
0.420134
0.600349
0.727114
0.794079
0.820615
0.810512
0.750129
0.708406
0.712210
0.722572
0.627404
0.532088
0.482008
0.486197
0.539841
0.610293
0.564639
0.000000
0.000000
0.243129
0.480734
0.683919
0.792894
0.835515
0.831976
0.787178
0.706531
0.636808
0.597226
0.567724
0.508497
0.456432
0.439816
0.468745
0.531692
0.560826
0.384334
0.000000
0.000000
0.307732
0.634713
0.937216
0.968853
0.932198
0.851998
0.749720
0.641826
0.552419
0.490335
0.446075
0.405905
0.381960
0.389925
0.440326
0.528577
0.585341
0.341945
0.000000
0.000000
0.412851
0.958902
1.713491
1.346477
1.133618
0.917814
0.729445
0.581213
0.473427
0.400408
0.352547
0.322154
0.311765
0.327340
0.370776
0.426843
0.432209
0.256283
0.000000
0.000000
0.515481
1.502139
4.744882
2.005248
1.484899
1.035719
0.722528
0.524075
0.399777
0.322494
0.276012
0.251692
0.247560
0.263982
0.297272
0.329412
0.314936
0.193279
0.000000
0.000000
0.384291
0.920174
1.723050
1.557866
1.806955
1.095794
0.671866
0.445791
0.320107
0.247781
0.207205
0.188641
0.188759
0.206657
0.238829
0.270994
0.268001
0.179449
0.000000
0.000000
0.234608
0.505961
0.798820
0.905501
1.000911
0.718313
0.472337
0.316033
0.223208
0.169239
0.139732
0.127721
0.131074
0.150491
0.186738
0.234115
0.265149
0.210622
0.000000
0.000000
0.108994
0.224727
0.336129
0.400854
0.426891
0.335753
0.234837
0.161123
0.114085
0.085964
0.070695
0.065127
0.068753
0.083543
0.113869
0.164281
0.225877
0.229439
0.000000
0.000000
0.000000
0.000000
0.000000
0.000000
0.000000
0.000000
0.000000
0.000000
0.000000
0.000000
0.000000
0.000000
0.000000
0.000000
0.000000
0.000000
0.000000
0.000000
0.000000
