20 20 10
1.000000E-09 1.000000E-09 1.000000E-09
0.000000E+00
0.000000E+00
0.000000E+00
0.000000E+00
0.000000E+00
0.000000E+00
0.000000E+00
0.000000E+00
0.000000E+00
0.000000E+00
0.000000E+00
0.000000E+00
0.000000E+00
0.000000E+00
0.000000E+00
0.000000E+00
0.000000E+00
0.000000E+00
0.000000E+00
0.000000E+00
0.000000E+00
0.000000E+00
0.000000E+00
0.000000E+00
0.000000E+00
0.000000E+00
0.000000E+00
0.000000E+00
0.000000E+00
0.000000E+00
0.000000E+00
0.000000E+00
0.000000E+00
0.000000E+00
0.000000E+00
0.000000E+00
0.000000E+00
0.000000E+00
0.000000E+00
0.000000E+00
0.000000E+00
0.000000E+00
0.000000E+00
0.000000E+00
0.000000E+00
0.000000E+00
0.000000E+00
0.000000E+00
0.000000E+00
0.000000E+00
0.000000E+00
0.000000E+00
0.000000E+00
0.000000E+00
0.000000E+00
0.000000E+00
0.000000E+00
0.000000E+00
0.000000E+00
0.000000E+00
0.000000E+00
0.000000E+00
0.000000E+00
0.000000E+00
0.000000E+00
0.000000E+00
0.000000E+00
0.000000E+00
0.000000E+00
0.000000E+00
0.000000E+00
0.000000E+00
0.000000E+00
0.000000E+00
0.000000E+00
0.000000E+00
0.000000E+00
0.000000E+00
0.000000E+00
0.000000E+00
0.000000E+00
0.000000E+00
0.000000E+00
0.000000E+00
0.000000E+00
0.000000E+00
0.000000E+00
0.000000E+00
0.000000E+00
0.000000E+00
0.000000E+00
0.000000E+00
0.000000E+00
0.000000E+00
0.000000E+00
0.000000E+00
0.000000E+00
0.000000E+00
0.000000E+00
0.000000E+00
0.000000E+00
0.000000E+00
0.000000E+00
0.000000E+00
0.000000E+00
0.000000E+00
0.000000E+00
0.000000E+00
0.000000E+00
0.000000E+00
0.000000E+00
0.000000E+00
0.000000E+00
0.000000E+00
0.000000E+00
0.000000E+00
0.000000E+00
0.000000E+00
0.000000E+00
0.000000E+00
0.000000E+00
0.000000E+00
0.000000E+00
0.000000E+00
0.000000E+00
0.000000E+00
0.000000E+00
0.000000E+00
0.000000E+00
0.000000E+00
0.000000E+00
0.000000E+00
0.000000E+00
0.000000E+00
0.000000E+00
0.000000E+00
0.000000E+00
0.000000E+00
0.000000E+00
0.000000E+00
0.000000E+00
0.000000E+00
0.000000E+00
0.000000E+00
0.000000E+00
0.000000E+00
0.000000E+00
0.000000E+00
0.000000E+00
0.000000E+00
0.000000E+00
0.000000E+00
0.000000E+00
0.000000E+00
0.000000E+00
0.000000E+00
0.000000E+00
0.000000E+00
0.000000E+00
0.000000E+00
0.000000E+00
0.000000E+00
0.000000E+00
0.000000E+00
0.000000E+00
0.000000E+00
0.000000E+00
0.000000E+00
0.000000E+00
0.000000E+00
0.000000E+00
0.000000E+00
0.000000E+00
0.000000E+00
0.000000E+00
0.000000E+00
0.000000E+00
0.000000E+00
0.000000E+00
0.000000E+00
0.000000E+00
0.000000E+00
0.000000E+00
0.000000E+00
0.000000E+00
0.000000E+00
0.000000E+00
0.000000E+00
0.000000E+00
0.000000E+00
0.000000E+00
0.000000E+00
0.000000E+00
0.000000E+00
0.000000E+00
0.000000E+00
0.000000E+00
0.000000E+00
0.000000E+00
0.000000E+00
0.000000E+00
0.000000E+00
0.000000E+00
0.000000E+00
0.000000E+00
0.000000E+00
0.000000E+00
0.000000E+00
0.000000E+00
0.000000E+00
0.000000E+00
0.000000E+00
0.000000E+00
0.000000E+00
0.000000E+00
0.000000E+00
0.000000E+00
0.000000E+00
0.000000E+00
0.000000E+00
0.000000E+00
0.000000E+00
0.000000E+00
0.000000E+00
0.000000E+00
0.000000E+00
0.000000E+00
0.000000E+00
0.000000E+00
0.000000E+00
0.000000E+00
0.000000E+00
0.000000E+00
0.000000E+00
0.000000E+00
0.000000E+00
0.000000E+00
0.000000E+00
0.000000E+00
0.000000E+00
0.000000E+00
0.000000E+00
0.000000E+00
0.000000E+00
0.000000E+00
0.000000E+00
0.000000E+00
0.000000E+00
0.000000E+00
0.000000E+00
0.000000E+00
0.000000E+00
0.000000E+00
0.000000E+00
0.000000E+00
0.000000E+00
0.000000E+00
0.000000E+00
0.000000E+00
0.000000E+00
0.000000E+00
0.000000E+00
0.000000E+00
0.000000E+00
0.000000E+00
0.000000E+00
0.000000E+00
0.000000E+00
0.000000E+00
0.000000E+00
0.000000E+00
0.000000E+00
0.000000E+00
0.000000E+00
0.000000E+00
0.000000E+00
0.000000E+00
0.000000E+00
0.000000E+00
0.000000E+00
0.000000E+00
0.000000E+00
0.000000E+00
0.000000E+00
0.000000E+00
0.000000E+00
0.000000E+00
0.000000E+00
0.000000E+00
0.000000E+00
0.000000E+00
0.000000E+00
0.000000E+00
0.000000E+00
0.000000E+00
0.000000E+00
0.000000E+00
0.000000E+00
0.000000E+00
0.000000E+00
0.000000E+00
0.000000E+00
0.000000E+00
0.000000E+00
0.000000E+00
0.000000E+00
0.000000E+00
0.000000E+00
0.000000E+00
0.000000E+00
0.000000E+00
0.000000E+00
0.000000E+00
0.000000E+00
0.000000E+00
0.000000E+00
0.000000E+00
0.000000E+00
0.000000E+00
0.000000E+00
0.000000E+00
0.000000E+00
0.000000E+00
0.000000E+00
0.000000E+00
0.000000E+00
0.000000E+00
0.000000E+00
0.000000E+00
0.000000E+00
0.000000E+00
0.000000E+00
0.000000E+00
0.000000E+00
0.000000E+00
0.000000E+00
0.000000E+00
0.000000E+00
0.000000E+00
0.000000E+00
0.000000E+00
0.000000E+00
0.000000E+00
0.000000E+00
0.000000E+00
0.000000E+00
0.000000E+00
0.000000E+00
0.000000E+00
0.000000E+00
0.000000E+00
0.000000E+00
0.000000E+00
0.000000E+00
0.000000E+00
0.000000E+00
0.000000E+00
0.000000E+00
0.000000E+00
0.000000E+00
0.000000E+00
0.000000E+00
0.000000E+00
0.000000E+00
0.000000E+00
0.000000E+00
0.000000E+00
0.000000E+00
0.000000E+00
0.000000E+00
0.000000E+00
0.000000E+00
0.000000E+00
0.000000E+00
0.000000E+00
0.000000E+00
0.000000E+00
0.000000E+00
0.000000E+00
0.000000E+00
0.000000E+00
0.000000E+00
0.000000E+00
0.000000E+00
0.000000E+00
0.000000E+00
0.000000E+00
0.000000E+00
0.000000E+00
0.000000E+00
0.000000E+00
0.000000E+00
0.000000E+00
0.000000E+00
0.000000E+00
0.000000E+00
0.000000E+00
0.000000E+00
0.000000E+00
0.000000E+00
0.000000E+00
0.000000E+00
0.000000E+00
0.000000E+00
0.000000E+00
0.000000E+00
0.000000E+00
0.000000E+00
0.000000E+00
0.000000E+00
0.000000E+00
0.000000E+00
0.000000E+00
0.000000E+00
0.000000E+00
0.000000E+00
0.000000E+00
0.000000E+00
0.000000E+00
0.000000E+00
0.000000E+00
2.735893E-03
6.121346E-03
1.117457E-02
1.973037E-02
3.463462E-02
5.800243E-02
8.343331E-02
8.533606E-02
9.306085E-02
1.201571E-01
1.853557E-01
3.465075E-01
7.465265E-01
3.046388E-01
1.129781E-01
5.028757E-02
3.104884E-02
1.956427E-02
0.000000E+00
0.000000E+00
5.622590E-03
1.266364E-02
2.360088E-02
4.372240E-02
8.372489E-02
1.590167E-01
2.594657E-01
2.167576E-01
2.063420E-01
2.532484E-01
4.009452E-01
8.991847E-01
3.596276E+00
8.039912E-01
2.291236E-01
9.804979E-02
6.858648E-02
5.072930E-02
0.000000E+00
0.000000E+00
8.853868E-03
1.993164E-02
3.772155E-02
7.419795E-02
1.628530E-01
3.893738E-01
8.671076E-01
4.786901E-01
3.458153E-01
3.596771E-01
4.701890E-01
5.512855E-01
8.972155E-01
4.058707E-01
1.854417E-01
1.183658E-01
1.143820E-01
1.080516E-01
0.000000E+00
0.000000E+00
1.295210E-02
2.846911E-02
5.232887E-02
1.039857E-01
2.597605E-01
8.586059E-01
3.668699E+00
9.741059E-01
4.790967E-01
3.773480E-01
3.741865E-01
3.509213E-01
3.577094E-01
2.329639E-01
1.511161E-01
1.291653E-01
1.557951E-01
1.835826E-01
0.000000E+00
0.000000E+00
1.958064E-02
4.104215E-02
6.713750E-02
1.079389E-01
2.031532E-01
4.441451E-01
9.463852E-01
5.870620E-01
4.623609E-01
3.676945E-01
3.114936E-01
2.710766E-01
2.427301E-01
1.823085E-01
1.337250E-01
1.144741E-01
1.197434E-01
1.120627E-01
0.000000E+00
0.000000E+00
3.288053E-02
6.769917E-02
1.004124E-01
1.222931E-01
1.667234E-01
2.656514E-01
4.222392E-01
4.842925E-01
5.961094E-01
4.233974E-01
3.014351E-01
2.465207E-01
2.210179E-01
1.693591E-01
1.230862E-01
9.546572E-02
8.132186E-02
5.932027E-02
0.000000E+00
0.000000E+00
5.983137E-02
1.288869E-01
1.914916E-01
1.751741E-01
1.703551E-01
2.134496E-01
3.236535E-01
5.464755E-01
1.003523E+00
5.303003E-01
3.020480E-01
2.209952E-01
1.899327E-01
1.487923E-01
1.084450E-01
7.872292E-02
5.739122E-02
3.425921E-02
0.000000E+00
0.000000E+00
1.061762E-01
2.545069E-01
4.292197E-01
2.951227E-01
2.042524E-01
1.917200E-01
2.422375E-01
3.533089E-01
5.003688E-01
3.450671E-01
2.338114E-01
1.920187E-01
1.787733E-01
1.388669E-01
9.797186E-02
6.700196E-02
4.410587E-02
2.319150E-02
0.000000E+00
0.000000E+00
1.549205E-01
4.250030E-01
9.166527E-01
4.606200E-01
2.431500E-01
1.775689E-01
1.808833E-01
2.132646E-01
2.479311E-01
2.092902E-01
1.866661E-01
2.143331E-01
2.729139E-01
1.810636E-01
1.072068E-01
6.417713E-02
3.814036E-02
1.847936E-02
0.000000E+00
0.000000E+00
1.325225E-01
3.064508E-01
4.940293E-01
3.359881E-01
2.072757E-01
1.488876E-01
1.333438E-01
1.351892E-01
1.423095E-01
1.464632E-01
1.956275E-01
3.804233E-01
8.102439E-01
3.617971E-01
1.529291E-01
7.262378E-02
3.786783E-02
1.720144E-02
0.000000E+00
0.000000E+00
1.178988E-01
2.483741E-01
3.496978E-01
2.693179E-01
1.780926E-01
1.246684E-01
1.010924E-01
9.287548E-02
9.559170E-02
1.210535E-01
2.439539E-01
8.003884E-01
3.555095E+00
7.918172E-01
2.238169E-01
8.489512E-02
4.035725E-02
1.790850E-02
0.000000E+00
0.000000E+00
1.258491E-01
2.640829E-01
3.731755E-01
2.667593E-01
1.679401E-01
1.111380E-01
8.289336E-02
7.021782E-02
6.923396E-02
8.689544E-02
1.535455E-01
3.516531E-01
7.911475E-01
3.511682E-01
1.495757E-01
7.390308E-02
4.101325E-02
1.967144E-02
0.000000E+00
0.000000E+00
1.446585E-01
2.791297E-01
3.067040E-01
2.267262E-01
1.512885E-01
1.041532E-01
7.632708E-02
6.074544E-02
5.545228E-02
6.268624E-02
9.043666E-02
1.513739E-01
2.323654E-01
1.607907E-01
1.040533E-01
6.952115E-02
4.548722E-02
2.347790E-02
0.000000E+00
0.000000E+00
2.208652E-01
4.449886E-01
3.367400E-01
2.208858E-01
1.518816E-01
1.134630E-01
8.403778E-02
6.275488E-02
5.173497E-02
5.174751E-02
6.357905E-02
8.737958E-02
1.147314E-01
1.159302E-01
1.097105E-01
8.582142E-02
5.812514E-02
2.989734E-02
0.000000E+00
0.000000E+00
3.469018E-01
8.768089E-01
4.498851E-01
2.451584E-01
1.755284E-01
1.489915E-01
1.099503E-01
7.519606E-02
5.491310E-02
4.921319E-02
5.616941E-02
7.528670E-02
1.070845E-01
1.487419E-01
1.842303E-01
1.363419E-01
8.213790E-02
3.842184E-02
0.000000E+00
0.000000E+00
1.961452E-01
3.976113E-01
2.836772E-01
2.085888E-01
2.026842E-01
2.152342E-01
1.520738E-01
9.267499E-02
5.927465E-02
4.808133E-02
5.414062E-02
7.930662E-02
1.369072E-01
2.509103E-01
3.995144E-01
2.425282E-01
1.187543E-01
4.790294E-02
0.000000E+00
0.000000E+00
8.773373E-02
1.619961E-01
1.555079E-01
1.616978E-01
2.139245E-01
2.828817E-01
1.798378E-01
9.687985E-02
5.502755E-02
4.097877E-02
4.641230E-02
7.612014E-02
1.601969E-01
3.823017E-01
8.432905E-01
3.758325E-01
1.459949E-01
5.066114E-02
0.000000E+00
0.000000E+00
3.260600E-02
5.942004E-02
6.919543E-02
8.542492E-02
1.190816E-01
1.491812E-01
1.026540E-01
5.741657E-02
3.248051E-02
2.360735E-02
2.657631E-02
4.394366E-02
8.975769E-02
1.904812E-01
3.308919E-01
1.868409E-01
8.177658E-02
2.954604E-02
0.000000E+00
0.000000E+00
0.000000E+00
0.000000E+00
0.000000E+00
0.000000E+00
0.000000E+00
0.000000E+00
0.000000E+00
0.000000E+00
0.000000E+00
0.000000E+00
0.000000E+00
0.000000E+00
0.000000E+00
0.000000E+00
0.000000E+00
0.000000E+00
0.000000E+00
0.000000E+00
0.000000E+00
0.000000E+00
0.000000E+00
0.000000E+00
0.000000E+00
0.000000E+00
0.000000E+00
0.000000E+00
0.000000E+00
0.000000E+00
0.000000E+00
0.000000E+00
0.000000E+00
0.000000E+00
0.000000E+00
0.000000E+00
0.000000E+00
0.000000E+00
0.000000E+00
0.000000E+00
0.000000E+00
0.000000E+00
5.355395E-03
1.168431E-02
2.038846E-02
3.378320E-02
5.500867E-02
8.543057E-02
1.186540E-01
1.400987E-01
1.697951E-01
2.193171E-01
2.908634E-01
3.346052E-01
4.183685E-01
2.404968E-01
1.220633E-01
7.222057E-02
5.561692E-02
4.049858E-02
0.000000E+00
0.000000E+00
1.088778E-02
2.387130E-02
4.222337E-02
7.201092E-02
1.230539E-01
2.032874E-01
2.953456E-01
3.249008E-01
3.807554E-01
4.956812E-01
6.979295E-01
7.248905E-01
1.034677E+00
4.890365E-01
2.315614E-01
1.464478E-01
1.344555E-01
1.208558E-01
0.000000E+00
0.000000E+00
1.683034E-02
3.686459E-02
6.570031E-02
1.154545E-01
2.107741E-01
3.860031E-01
6.231935E-01
5.880266E-01
6.375399E-01
8.013812E-01
1.252587E+00
8.280236E-01
6.964556E-01
4.170793E-01
2.545345E-01
2.127476E-01
2.640887E-01
3.266285E-01
0.000000E+00
0.000000E+00
2.404703E-02
5.167716E-02
8.974160E-02
1.556845E-01
2.949052E-01
6.043083E-01
1.188039E+00
8.746136E-01
8.347245E-01
7.777702E-01
8.287137E-01
6.390003E-01
5.118530E-01
3.590199E-01
2.631795E-01
2.675323E-01
4.268463E-01
7.714816E-01
0.000000E+00
0.000000E+00
3.550419E-02
7.362702E-02
1.178871E-01
1.780484E-01
2.911394E-01
5.021112E-01
7.927618E-01
8.019929E-01
8.597932E-01
7.234904E-01
6.324425E-01
5.425632E-01
4.849507E-01
3.606499E-01
2.647963E-01
2.373634E-01
2.847422E-01
3.377458E-01
0.000000E+00
0.000000E+00
5.839213E-02
1.198979E-01
1.789560E-01
2.140832E-01
2.805684E-01
4.137641E-01
6.190123E-01
8.749422E-01
1.352110E+00
8.506945E-01
6.005098E-01
5.262295E-01
5.328190E-01
3.832896E-01
2.622937E-01
1.990557E-01
1.763411E-01
1.431079E-01
0.000000E+00
0.000000E+00
1.060025E-01
2.320139E-01
3.631296E-01
3.155756E-01
3.051195E-01
3.826803E-01
5.984323E-01
1.250694E+00
4.098762E+00
1.240342E+00
6.012578E-01
4.506997E-01
4.175010E-01
3.233481E-01
2.292082E-01
1.637143E-01
1.202853E-01
7.421710E-02
0.000000E+00
0.000000E+00
1.943422E-01
5.013825E-01
1.024849E+00
5.752506E-01
3.762300E-01
3.607416E-01
4.644188E-01
7.058340E-01
1.177475E+00
6.828990E-01
4.355213E-01
3.522040E-01
3.236009E-01
2.613172E-01
1.908034E-01
1.337845E-01
8.993663E-02
4.810242E-02
0.000000E+00
0.000000E+00
3.045516E-01
1.023738E+00
3.920207E+00
1.087961E+00
4.699704E-01
3.451649E-01
3.641058E-01
4.155915E-01
4.843365E-01
3.819360E-01
3.136009E-01
3.075599E-01
3.212980E-01
2.508626E-01
1.739010E-01
1.161342E-01
7.374707E-02
3.696272E-02
0.000000E+00
0.000000E+00
2.489957E-01
6.153882E-01
1.178894E+00
6.686827E-01
3.893550E-01
2.876909E-01
2.673464E-01
2.631388E-01
2.642593E-01
2.471143E-01
2.651657E-01
3.570526E-01
4.937951E-01
3.251782E-01
1.903621E-01
1.140295E-01
6.835108E-02
3.325329E-02
0.000000E+00
0.000000E+00
2.301220E-01
5.142081E-01
8.007145E-01
5.526990E-01
3.438769E-01
2.399668E-01
1.980467E-01
1.783806E-01
1.719756E-01
1.836805E-01
2.540966E-01
4.713023E-01
9.306189E-01
4.569805E-01
2.196385E-01
1.198935E-01
7.054811E-02
3.469801E-02
0.000000E+00
0.000000E+00
2.599166E-01
6.239895E-01
1.145103E+00
6.300860E-01
3.423470E-01
2.149574E-01
1.593082E-01
1.331131E-01
1.245550E-01
1.365773E-01
1.867202E-01
3.013765E-01
4.543902E-01
3.014701E-01
1.819066E-01
1.168890E-01
7.691385E-02
4.054682E-02
0.000000E+00
0.000000E+00
2.782716E-01
5.841267E-01
7.011283E-01
4.714010E-01
2.948519E-01
1.987409E-01
1.452145E-01
1.149069E-01
1.021762E-01
1.072571E-01
1.340445E-01
1.842518E-01
2.342405E-01
2.014248E-01
1.607351E-01
1.252422E-01
9.215769E-02
5.168088E-02
0.000000E+00
0.000000E+00
4.438588E-01
1.067635E+00
6.821618E-01
4.200297E-01
2.880945E-01
2.200799E-01
1.627408E-01
1.205038E-01
9.847579E-02
9.620846E-02
1.116359E-01
1.411514E-01
1.743115E-01
1.905891E-01
1.956552E-01
1.626852E-01
1.199382E-01
6.683353E-02
0.000000E+00
0.000000E+00
8.743169E-01
3.840669E+00
1.069397E+00
4.773520E-01
3.483369E-01
3.170209E-01
2.268904E-01
1.496821E-01
1.077880E-01
9.667111E-02
1.088393E-01
1.406018E-01
1.936110E-01
2.714818E-01
3.571307E-01
2.574190E-01
1.617187E-01
8.019828E-02
0.000000E+00
0.000000E+00
3.936607E-01
9.664433E-01
5.613897E-01
4.104622E-01
4.535002E-01
5.585823E-01
3.527641E-01
1.957943E-01
1.197696E-01
9.690105E-02
1.084092E-01
1.532117E-01
2.581717E-01
5.007244E-01
9.760056E-01
4.853579E-01
2.236506E-01
9.155611E-02
0.000000E+00
0.000000E+00
1.575885E-01
3.122026E-01
2.953578E-01
3.471654E-01
5.706830E-01
1.009833E+00
4.894966E-01
2.205422E-01
1.143084E-01
8.298881E-02
9.226102E-02
1.458914E-01
3.161437E-01
9.445067E-01
3.782025E+00
9.302987E-01
2.854435E-01
9.318826E-02
0.000000E+00
0.000000E+00
5.663375E-02
1.075777E-01
1.321186E-01
1.839309E-01
2.957292E-01
4.277654E-01
2.551522E-01
1.268392E-01
6.695170E-02
4.751035E-02
5.213864E-02
8.219376E-02
1.663638E-01
3.875565E-01
8.474616E-01
3.792544E-01
1.487218E-01
5.222504E-02
0.000000E+00
0.000000E+00
0.000000E+00
0.000000E+00
0.000000E+00
0.000000E+00
0.000000E+00
0.000000E+00
0.000000E+00
0.000000E+00
0.000000E+00
0.000000E+00
0.000000E+00
0.000000E+00
0.000000E+00
0.000000E+00
0.000000E+00
0.000000E+00
0.000000E+00
0.000000E+00
0.000000E+00
0.000000E+00
0.000000E+00
0.000000E+00
0.000000E+00
0.000000E+00
0.000000E+00
0.000000E+00
0.000000E+00
0.000000E+00
0.000000E+00
0.000000E+00
0.000000E+00
0.000000E+00
0.000000E+00
0.000000E+00
0.000000E+00
0.000000E+00
0.000000E+00
0.000000E+00
0.000000E+00
0.000000E+00
8.163236E-03
1.729041E-02
2.856243E-02
4.400659E-02
6.690194E-02
9.898860E-02
1.372793E-01
1.769306E-01
2.279873E-01
2.942351E-01
3.806888E-01
3.106528E-01
2.584976E-01
1.689979E-01
1.056388E-01
7.696302E-02
6.938225E-02
5.707914E-02
0.000000E+00
0.000000E+00
1.636902E-02
3.487196E-02
5.832415E-02
9.183087E-02
1.442808E-01
2.216963E-01
3.164087E-01
4.096463E-01
5.454623E-01
7.453761E-01
1.197092E+00
7.361454E-01
5.417039E-01
3.286722E-01
2.060529E-01
1.662636E-01
1.847513E-01
2.030368E-01
0.000000E+00
0.000000E+00
2.453635E-02
5.239293E-02
8.862133E-02
1.432230E-01
2.350683E-01
3.815821E-01
5.704375E-01
7.362284E-01
1.033921E+00
1.485377E+00
4.202431E+00
1.310929E+00
6.639989E-01
4.018288E-01
2.808314E-01
2.787035E-01
4.354945E-01
7.769504E-01
0.000000E+00
0.000000E+00
3.333016E-02
7.023293E-02
1.176070E-01
1.908928E-01
3.214907E-01
5.472624E-01
8.616662E-01
1.079446E+00
1.588215E+00
1.295406E+00
1.503474E+00
9.316773E-01
6.619455E-01
4.581487E-01
3.478725E-01
4.027744E-01
9.241495E-01
3.546957E+00
0.000000E+00
0.000000E+00
4.625437E-02
9.416036E-02
1.492838E-01
2.260697E-01
3.608347E-01
5.920763E-01
8.972210E-01
1.023283E+00
1.199029E+00
1.033420E+00
9.459947E-01
8.373206E-01
8.403266E-01
5.796967E-01
3.977655E-01
3.529209E-01
4.815991E-01
7.995167E-01
0.000000E+00
0.000000E+00
7.066573E-02
1.386736E-01
2.030649E-01
2.625785E-01
3.627230E-01
5.360020E-01
7.666872E-01
9.602864E-01
1.170387E+00
9.769912E-01
8.411270E-01
9.158218E-01
1.297130E+00
7.470901E-01
4.398994E-01
3.089201E-01
2.736187E-01
2.468003E-01
0.000000E+00
0.000000E+00
1.179359E-01
2.307874E-01
3.266733E-01
3.395903E-01
3.815878E-01
5.002447E-01
6.997428E-01
9.923937E-01
1.497992E+00
9.882221E-01
7.287409E-01
6.986856E-01
7.889807E-01
5.808171E-01
3.839470E-01
2.621579E-01
1.901825E-01
1.181021E-01
0.000000E+00
0.000000E+00
1.965261E-01
4.041904E-01
6.161196E-01
4.955772E-01
4.361027E-01
4.944209E-01
6.312661E-01
7.499741E-01
8.870183E-01
6.877778E-01
5.382348E-01
4.918744E-01
4.914124E-01
4.057508E-01
2.963382E-01
2.085625E-01
1.420789E-01
7.633215E-02
0.000000E+00
0.000000E+00
2.814514E-01
6.318289E-01
1.174071E+00
7.050275E-01
4.954539E-01
4.972028E-01
6.022561E-01
5.667674E-01
5.399102E-01
4.498594E-01
3.831563E-01
3.637612E-01
3.593797E-01
3.051334E-01
2.315121E-01
1.661993E-01
1.113943E-01
5.743484E-02
0.000000E+00
0.000000E+00
2.736389E-01
5.738898E-01
8.690656E-01
6.343697E-01
4.559718E-01
4.073474E-01
4.245891E-01
3.838503E-01
3.427459E-01
3.029594E-01
2.897937E-01
3.133322E-01
3.418278E-01
2.785663E-01
2.040870E-01
1.453197E-01
9.774846E-02
5.061984E-02
0.000000E+00
0.000000E+00
2.972433E-01
6.952125E-01
1.263864E+00
7.416904E-01
4.467705E-01
3.305521E-01
2.916975E-01
2.557292E-01
2.283804E-01
2.171857E-01
2.372814E-01
3.021062E-01
3.848051E-01
2.874051E-01
1.997808E-01
1.433343E-01
1.007120E-01
5.460585E-02
0.000000E+00
0.000000E+00
3.662466E-01
1.132497E+00
4.027799E+00
1.159728E+00
4.879563E-01
2.919828E-01
2.214510E-01
1.845886E-01
1.653925E-01
1.644996E-01
1.873608E-01
2.352857E-01
2.810850E-01
2.383182E-01
1.886076E-01
1.526972E-01
1.195567E-01
7.045346E-02
0.000000E+00
0.000000E+00
3.066372E-01
7.006376E-01
1.192556E+00
6.734343E-01
3.909526E-01
2.628737E-01
1.955667E-01
1.564153E-01
1.379540E-01
1.386644E-01
1.574765E-01
1.893870E-01
2.172596E-01
2.110793E-01
1.963121E-01
1.807754E-01
1.567232E-01
9.998957E-02
0.000000E+00
0.000000E+00
3.330286E-01
6.769136E-01
6.685807E-01
4.852908E-01
3.654107E-01
2.954392E-01
2.204036E-01
1.645880E-01
1.370623E-01
1.355154E-01
1.539019E-01
1.840154E-01
2.151236E-01
2.323787E-01
2.419944E-01
2.327066E-01
2.080935E-01
1.359948E-01
0.000000E+00
0.000000E+00
4.393904E-01
1.054452E+00
6.722754E-01
4.900656E-01
4.656098E-01
4.784995E-01
3.259071E-01
2.093405E-01
1.541632E-01
1.452445E-01
1.667580E-01
2.066610E-01
2.584175E-01
3.059641E-01
3.472752E-01
3.056345E-01
2.473980E-01
1.427090E-01
0.000000E+00
0.000000E+00
2.658853E-01
5.347370E-01
4.833479E-01
5.173926E-01
7.436275E-01
1.142787E+00
5.819379E-01
2.882815E-01
1.744938E-01
1.497115E-01
1.722038E-01
2.251924E-01
3.129751E-01
4.284513E-01
5.752819E-01
4.035850E-01
2.549856E-01
1.272856E-01
0.000000E+00
0.000000E+00
1.346975E-01
2.623028E-01
3.376019E-01
5.476519E-01
1.246617E+00
3.982047E+00
1.041225E+00
3.550702E-01
1.691475E-01
1.267205E-01
1.407910E-01
1.918912E-01
3.007676E-01
5.344153E-01
1.000968E+00
5.064530E-01
2.421679E-01
1.025408E-01
0.000000E+00
0.000000E+00
5.618869E-02
1.119857E-01
1.696792E-01
2.891301E-01
5.468463E-01
9.636382E-01
4.479458E-01
1.926823E-01
9.730968E-02
7.125322E-02
7.732505E-02
1.053734E-01
1.641220E-01
2.734148E-01
4.169065E-01
2.570172E-01
1.308119E-01
5.495038E-02
0.000000E+00
0.000000E+00
0.000000E+00
0.000000E+00
0.000000E+00
0.000000E+00
0.000000E+00
0.000000E+00
0.000000E+00
0.000000E+00
0.000000E+00
0.000000E+00
0.000000E+00
0.000000E+00
0.000000E+00
0.000000E+00
0.000000E+00
0.000000E+00
0.000000E+00
0.000000E+00
0.000000E+00
0.000000E+00
0.000000E+00
0.000000E+00
0.000000E+00
0.000000E+00
0.000000E+00
0.000000E+00
0.000000E+00
0.000000E+00
0.000000E+00
0.000000E+00
0.000000E+00
0.000000E+00
0.000000E+00
0.000000E+00
0.000000E+00
0.000000E+00
0.000000E+00
0.000000E+00
0.000000E+00
0.000000E+00
1.200541E-02
2.478314E-02
3.850555E-02
5.396275E-02
7.585243E-02
1.073706E-01
1.470136E-01
1.908048E-01
2.384978E-01
2.656000E-01
2.864617E-01
2.316430E-01
1.758870E-01
1.229312E-01
8.616565E-02
6.751358E-02
5.922875E-02
4.382698E-02
0.000000E+00
0.000000E+00
2.384702E-02
4.970191E-02
7.841600E-02
1.120974E-01
1.632039E-01
2.410545E-01
3.431495E-01
4.603586E-01
6.114530E-01
6.407523E-01
7.192558E-01
5.156405E-01
3.636585E-01
2.465814E-01
1.748634E-01
1.462293E-01
1.460627E-01
1.293434E-01
0.000000E+00
0.000000E+00
3.442974E-02
7.232867E-02
1.166359E-01
1.732762E-01
2.678260E-01
4.244206E-01
6.461555E-01
9.199493E-01
1.469186E+00
1.205092E+00
1.420606E+00
8.310299E-01
5.371307E-01
3.626993E-01
2.662038E-01
2.437856E-01
2.931970E-01
3.438236E-01
0.000000E+00
0.000000E+00
4.324280E-02
8.978820E-02
1.462712E-01
2.290052E-01
3.803537E-01
6.592664E-01
1.103007E+00
1.662533E+00
4.483814E+00
1.708031E+00
1.192491E+00
8.703134E-01
7.311546E-01
5.130661E-01
3.715039E-01
3.461614E-01
4.822631E-01
8.012534E-01
0.000000E+00
0.000000E+00
5.542939E-02
1.104306E-01
1.742347E-01
2.712975E-01
4.617176E-01
8.570456E-01
1.571157E+00
1.457543E+00
1.818833E+00
1.317964E+00
1.064682E+00
1.056870E+00
1.390997E+00
8.191237E-01
5.008486E-01
3.773331E-01
3.750463E-01
3.838773E-01
0.000000E+00
0.000000E+00
8.040486E-02
1.481336E-01
2.129906E-01
2.955842E-01
4.454477E-01
7.145170E-01
1.079530E+00
1.174097E+00
1.328508E+00
1.222345E+00
1.088985E+00
1.523393E+00
4.282026E+00
1.388480E+00
6.493550E-01
4.030980E-01
3.062736E-01
2.081565E-01
0.000000E+00
0.000000E+00
1.331174E-01
2.229344E-01
2.890163E-01
3.404470E-01
4.411434E-01
6.320955E-01
8.843684E-01
1.043771E+00
1.225666E+00
1.044545E+00
8.871034E-01
9.906677E-01
1.445583E+00
9.809903E-01
5.912480E-01
3.831603E-01
2.723979E-01
1.506059E-01
0.000000E+00
0.000000E+00
2.303679E-01
3.495455E-01
4.253859E-01
4.252671E-01
4.823720E-01
6.645728E-01
9.346007E-01
9.040587E-01
8.907352E-01
7.523774E-01
6.368967E-01
6.299172E-01
7.017409E-01
6.009241E-01
4.315378E-01
3.029570E-01
2.115849E-01
1.113578E-01
0.000000E+00
0.000000E+00
3.525260E-01
4.915897E-01
5.956971E-01
5.189884E-01
5.323115E-01
7.628745E-01
1.280169E+00
8.507142E-01
6.437110E-01
5.158818E-01
4.394771E-01
4.182046E-01
4.226906E-01
3.810120E-01
3.012919E-01
2.258232E-01
1.590055E-01
8.365881E-02
0.000000E+00
0.000000E+00
3.086630E-01
5.016769E-01
6.065712E-01
5.243728E-01
4.765272E-01
5.499145E-01
7.011839E-01
5.460941E-01
4.228025E-01
3.467973E-01
3.093158E-01
3.037848E-01
3.065456E-01
2.774079E-01
2.300025E-01
1.828494E-01
1.345311E-01
7.333153E-02
0.000000E+00
0.000000E+00
2.925504E-01
5.633761E-01
7.646682E-01
5.781334E-01
4.322683E-01
3.881855E-01
3.927413E-01
3.314099E-01
2.743485E-01
2.406094E-01
2.324656E-01
2.461570E-01
2.619886E-01
2.378309E-01
2.055578E-01
1.774364E-01
1.436562E-01
8.480330E-02
0.000000E+00
0.000000E+00
2.927473E-01
6.642208E-01
1.184868E+00
6.873353E-01
4.179460E-01
3.071019E-01
2.609252E-01
2.215776E-01
1.937258E-01
1.829420E-01
1.897416E-01
2.092203E-01
2.267226E-01
2.198413E-01
2.097829E-01
2.051942E-01
1.897298E-01
1.256352E-01
0.000000E+00
0.000000E+00
2.382982E-01
4.862547E-01
6.818940E-01
5.090360E-01
3.589266E-01
2.702784E-01
2.159338E-01
1.799911E-01
1.625018E-01
1.639497E-01
1.808693E-01
2.053798E-01
2.269572E-01
2.335524E-01
2.437589E-01
2.661649E-01
2.789472E-01
2.100824E-01
0.000000E+00
0.000000E+00
2.146290E-01
4.063757E-01
4.694318E-01
4.155462E-01
3.584302E-01
2.992274E-01
2.332810E-01
1.849492E-01
1.659433E-01
1.758898E-01
2.064857E-01
2.438714E-01
2.781401E-01
2.876161E-01
3.081369E-01
3.552333E-01
4.078236E-01
3.323421E-01
0.000000E+00
0.000000E+00
2.185066E-01
4.263411E-01
4.358779E-01
4.449893E-01
4.841213E-01
4.438577E-01
3.198474E-01
2.257565E-01
1.895909E-01
2.049590E-01
2.553869E-01
3.166462E-01
3.807744E-01
3.742711E-01
3.844644E-01
4.218317E-01
4.730961E-01
3.010548E-01
0.000000E+00
0.000000E+00
1.592978E-01
3.096748E-01
3.975276E-01
5.585486E-01
8.217657E-01
7.977241E-01
4.861473E-01
2.851226E-01
2.095128E-01
2.201331E-01
2.854120E-01
3.705094E-01
4.850941E-01
4.484596E-01
4.392273E-01
3.946935E-01
3.495727E-01
2.037435E-01
0.000000E+00
0.000000E+00
9.989423E-02
2.081677E-01
3.516723E-01
6.849181E-01
1.400497E+00
1.388568E+00
6.511575E-01
3.073104E-01
1.892697E-01
1.781108E-01
2.195422E-01
2.813043E-01
3.602504E-01
3.919872E-01
4.409663E-01
3.312948E-01
2.333144E-01
1.232878E-01
0.000000E+00
0.000000E+00
4.786234E-02
1.041624E-01
1.896587E-01
3.589546E-01
6.226757E-01
6.181342E-01
3.469636E-01
1.770994E-01
1.081507E-01
9.646708E-02
1.137252E-01
1.430520E-01
1.798426E-01
2.058423E-01
2.268045E-01
1.729318E-01
1.147168E-01
5.786222E-02
0.000000E+00
0.000000E+00
0.000000E+00
0.000000E+00
0.000000E+00
0.000000E+00
0.000000E+00
0.000000E+00
0.000000E+00
0.000000E+00
0.000000E+00
0.000000E+00
0.000000E+00
0.000000E+00
0.000000E+00
0.000000E+00
0.000000E+00
0.000000E+00
0.000000E+00
0.000000E+00
0.000000E+00
0.000000E+00
0.000000E+00
0.000000E+00
0.000000E+00
0.000000E+00
0.000000E+00
0.000000E+00
0.000000E+00
0.000000E+00
0.000000E+00
0.000000E+00
0.000000E+00
0.000000E+00
0.000000E+00
0.000000E+00
0.000000E+00
0.000000E+00
0.000000E+00
0.000000E+00
0.000000E+00
0.000000E+00
1.824040E-02
3.739133E-02
5.493537E-02
6.680520E-02
8.263849E-02
1.081571E-01
1.402312E-01
1.697291E-01
1.947659E-01
2.000534E-01
1.931980E-01
1.591265E-01
1.225636E-01
9.068820E-02
6.758831E-02
5.337318E-02
4.339417E-02
2.826736E-02
0.000000E+00
0.000000E+00
3.653781E-02
7.639015E-02
1.148351E-01
1.399192E-01
1.789131E-01
2.467496E-01
3.336931E-01
4.022386E-01
4.673247E-01
4.579247E-01
4.347961E-01
3.410203E-01
2.559224E-01
1.883089E-01
1.416630E-01
1.154440E-01
1.001422E-01
7.164605E-02
0.000000E+00
0.000000E+00
5.123102E-02
1.091056E-01
1.700609E-01
2.141888E-01
2.975895E-01
4.567445E-01
6.775076E-01
7.752221E-01
9.281802E-01
8.078743E-01
7.284873E-01
5.393177E-01
4.045253E-01
3.020601E-01
2.300902E-01
1.931651E-01
1.810519E-01
1.481531E-01
0.000000E+00
0.000000E+00
5.729003E-02
1.186701E-01
1.869239E-01
2.691909E-01
4.379049E-01
8.083252E-01
1.493018E+00
1.347073E+00
1.681912E+00
1.180425E+00
8.859593E-01
6.962360E-01
5.962631E-01
4.640330E-01
3.477467E-01
2.858486E-01
2.743371E-01
2.509129E-01
0.000000E+00
0.000000E+00
6.610111E-02
1.284448E-01
1.986932E-01
3.089981E-01
5.707560E-01
1.357800E+00
4.425385E+00
1.859738E+00
1.580850E+00
1.389966E+00
1.051960E+00
9.187326E-01
9.642330E-01
7.464343E-01
5.152227E-01
3.802564E-01
3.126932E-01
2.152604E-01
0.000000E+00
0.000000E+00
9.518427E-02
1.604007E-01
2.211574E-01
3.146401E-01
5.083627E-01
9.156104E-01
1.636237E+00
1.468469E+00
1.691848E+00
1.882660E+00
1.267507E+00
1.186838E+00
1.621949E+00
1.199415E+00
7.348945E-01
4.943207E-01
3.818927E-01
2.134210E-01
0.000000E+00
0.000000E+00
1.803409E-01
2.427397E-01
2.779208E-01
3.371923E-01
4.751962E-01
7.457507E-01
1.137562E+00
1.342987E+00
1.854860E+00
1.452690E+00
1.054561E+00
1.006990E+00
1.290489E+00
1.524137E+00
8.663097E-01
5.628929E-01
4.606796E-01
2.312727E-01
0.000000E+00
0.000000E+00
4.080845E-01
4.101912E-01
3.830162E-01
3.951487E-01
5.154276E-01
8.472162E-01
1.476819E+00
1.180571E+00
1.154264E+00
9.265226E-01
7.334946E-01
6.975980E-01
7.953534E-01
8.547439E-01
6.043522E-01
4.328125E-01
3.346085E-01
1.738042E-01
0.000000E+00
0.000000E+00
8.912154E-01
6.411615E-01
5.065002E-01
4.610014E-01
5.907310E-01
1.243795E+00
4.149429E+00
1.376163E+00
8.031499E-01
5.920389E-01
4.832767E-01
4.541479E-01
4.749334E-01
4.738771E-01
3.831865E-01
2.990920E-01
2.267922E-01
1.217379E-01
0.000000E+00
0.000000E+00
5.087513E-01
5.913908E-01
5.355893E-01
4.627403E-01
4.834560E-01
7.008468E-01
1.188891E+00
7.231274E-01
4.888189E-01
3.759144E-01
3.209050E-01
3.051000E-01
3.082099E-01
2.998424E-01
2.663214E-01
2.296956E-01
1.842283E-01
1.047090E-01
0.000000E+00
0.000000E+00
3.664101E-01
6.027720E-01
5.823635E-01
4.629988E-01
3.941141E-01
4.135816E-01
4.812313E-01
3.808210E-01
2.977502E-01
2.500696E-01
2.298046E-01
2.289160E-01
2.353674E-01
2.342425E-01
2.299029E-01
2.283855E-01
2.106390E-01
1.327918E-01
0.000000E+00
0.000000E+00
2.683549E-01
4.916367E-01
5.795089E-01
4.461335E-01
3.385742E-01
2.900692E-01
2.719768E-01
2.342197E-01
2.040236E-01
1.908618E-01
1.930268E-01
2.043402E-01
2.179241E-01
2.278010E-01
2.481833E-01
2.866524E-01
3.128215E-01
2.301511E-01
0.000000E+00
0.000000E+00
1.890954E-01
3.476658E-01
4.196909E-01
3.643389E-01
2.966478E-01
2.451766E-01
2.095439E-01
1.835669E-01
1.740722E-01
1.838182E-01
2.073997E-01
2.333184E-01
2.574281E-01
2.704497E-01
3.095436E-01
3.996219E-01
5.128961E-01
4.761011E-01
0.000000E+00
0.000000E+00
1.452220E-01
2.662778E-01
3.256743E-01
3.299855E-01
3.169563E-01
2.688850E-01
2.176445E-01
1.863728E-01
1.871516E-01
2.224580E-01
2.806163E-01
3.335292E-01
3.840327E-01
3.711214E-01
4.127888E-01
5.835446E-01
9.011855E-01
1.022182E+00
0.000000E+00
0.000000E+00
1.260082E-01
2.397443E-01
3.136716E-01
3.970235E-01
4.911056E-01
3.946911E-01
2.840969E-01
2.221275E-01
2.246083E-01
2.947483E-01
4.159075E-01
5.218357E-01
6.672708E-01
5.319158E-01
5.121603E-01
7.233263E-01
1.229170E+00
7.297016E-01
0.000000E+00
0.000000E+00
1.016500E-01
2.093966E-01
3.454262E-01
6.243352E-01
1.151517E+00
7.026504E-01
4.026309E-01
2.650077E-01
2.508451E-01
3.481260E-01
5.460494E-01
7.220349E-01
1.158869E+00
6.838414E-01
5.013050E-01
5.213226E-01
6.249963E-01
3.721960E-01
0.000000E+00
0.000000E+00
7.431359E-02
1.733415E-01
3.800779E-01
1.063413E+00
3.988565E+00
1.228987E+00
4.995208E-01
2.629709E-01
2.107031E-01
2.610599E-01
3.727953E-01
4.729064E-01
6.125695E-01
4.599864E-01
3.657575E-01
3.222338E-01
2.971752E-01
1.730877E-01
0.000000E+00
0.000000E+00
3.889436E-02
9.334027E-02
2.008987E-01
4.570837E-01
9.672903E-01
5.414934E-01
2.741856E-01
1.517642E-01
1.157963E-01
1.316793E-01
1.743964E-01
2.138297E-01
2.507496E-01
2.144652E-01
1.808812E-01
1.509906E-01
1.220595E-01
6.868391E-02
0.000000E+00
0.000000E+00
0.000000E+00
0.000000E+00
0.000000E+00
0.000000E+00
0.000000E+00
0.000000E+00
0.000000E+00
0.000000E+00
0.000000E+00
0.000000E+00
0.000000E+00
0.000000E+00
0.000000E+00
0.000000E+00
0.000000E+00
0.000000E+00
0.000000E+00
0.000000E+00
0.000000E+00
0.000000E+00
0.000000E+00
0.000000E+00
0.000000E+00
0.000000E+00
0.000000E+00
0.000000E+00
0.000000E+00
0.000000E+00
0.000000E+00
0.000000E+00
0.000000E+00
0.000000E+00
0.000000E+00
0.000000E+00
0.000000E+00
0.000000E+00
0.000000E+00
0.000000E+00
0.000000E+00
0.000000E+00
2.806796E-02
5.934673E-02
8.580892E-02
8.607674E-02
8.676271E-02
9.899201E-02
1.178519E-01
1.327665E-01
1.416821E-01
1.388449E-01
1.270500E-01
1.061156E-01
8.439860E-02
6.540922E-02
5.053684E-02
3.964234E-02
3.020211E-02
1.780381E-02
0.000000E+00
0.000000E+00
5.865275E-02
1.298667E-01
1.979977E-01
1.876552E-01
1.881066E-01
2.236226E-01
2.757056E-01
3.076634E-01
3.262172E-01
3.112285E-01
2.775896E-01
2.265740E-01
1.794382E-01
1.400155E-01
1.090993E-01
8.695209E-02
6.828985E-02
4.188182E-02
0.000000E+00
0.000000E+00
8.283072E-02
1.932289E-01
3.211912E-01
2.886434E-01
3.043569E-01
4.000603E-01
5.295893E-01
5.701887E-01
5.996077E-01
5.491052E-01
4.644926E-01
3.694368E-01
2.975890E-01
2.382186E-01
1.872253E-01
1.510613E-01
1.225797E-01
7.852255E-02
0.000000E+00
0.000000E+00
7.881770E-02
1.701355E-01
2.653882E-01
3.054225E-01
4.106902E-01
6.472981E-01
9.700650E-01
9.467857E-01
9.916049E-01
9.039148E-01
6.876461E-01
5.408887E-01
4.664625E-01
3.946358E-01
3.067188E-01
2.448872E-01
2.018371E-01
1.292014E-01
0.000000E+00
0.000000E+00
7.678340E-02
1.484846E-01
2.220735E-01
3.066602E-01
4.924414E-01
9.091303E-01
1.645578E+00
1.344042E+00
1.438016E+00
1.673429E+00
1.047904E+00
7.859414E-01
7.520798E-01
7.031866E-01
5.099613E-01
3.911844E-01
3.275398E-01
1.844731E-01
0.000000E+00
0.000000E+00
1.076540E-01
1.668449E-01
2.175887E-01
2.952058E-01
4.556167E-01
7.598971E-01
1.199924E+00
1.473026E+00
2.458699E+00
4.742272E+00
1.656915E+00
1.079162E+00
1.214181E+00
1.480451E+00
8.684670E-01
6.264697E-01
5.994415E-01
2.972987E-01
0.000000E+00
0.000000E+00
2.480049E-01
2.653350E-01
2.638829E-01
3.040988E-01
4.220997E-01
6.532612E-01
1.023601E+00
1.708436E+00
4.725422E+00
2.316165E+00
1.243220E+00
1.073536E+00
1.671546E+00
4.333908E+00
1.396911E+00
8.807980E-01
1.096183E+00
4.469436E-01
0.000000E+00
0.000000E+00
8.384126E-01
5.391474E-01
3.787047E-01
3.477750E-01
4.307586E-01
6.487363E-01
9.807391E-01
1.124277E+00
1.558312E+00
1.105901E+00
7.854863E-01
7.400840E-01
9.514531E-01
1.343506E+00
8.086110E-01
6.011753E-01
5.856299E-01
2.872996E-01
0.000000E+00
0.000000E+00
3.659573E+00
1.116372E+00
5.491605E-01
4.071503E-01
4.560773E-01
7.226219E-01
1.272963E+00
8.940286E-01
7.646905E-01
5.954979E-01
4.804160E-01
4.593118E-01
5.140546E-01
5.680137E-01
4.499809E-01
3.710150E-01
3.187793E-01
1.718975E-01
0.000000E+00
0.000000E+00
1.022017E+00
9.062413E-01
5.978670E-01
4.247084E-01
3.966407E-01
5.006539E-01
6.747528E-01
5.387577E-01
4.323737E-01
3.508352E-01
3.022447E-01
2.909114E-01
3.045232E-01
3.139564E-01
2.918787E-01
2.747211E-01
2.450596E-01
1.423419E-01
0.000000E+00
0.000000E+00
6.176346E-01
1.172148E+00
6.942348E-01
4.302575E-01
3.323341E-01
3.304380E-01
3.596835E-01
3.123930E-01
2.628573E-01
2.279947E-01
2.108958E-01
2.099556E-01
2.197655E-01
2.332710E-01
2.542028E-01
2.930833E-01
3.146102E-01
1.996463E-01
0.000000E+00
0.000000E+00
3.373286E-01
6.102072E-01
4.972380E-01
3.555784E-01
2.711779E-01
2.365212E-01
2.238659E-01
2.019069E-01
1.845180E-01
1.790058E-01
1.842695E-01
1.947206E-01
2.103660E-01
2.331151E-01
2.874629E-01
3.973711E-01
5.250664E-01
3.910945E-01
0.000000E+00
0.000000E+00
1.823052E-01
3.199555E-01
3.239864E-01
2.756244E-01
2.300763E-01
1.969294E-01
1.753511E-01
1.630933E-01
1.668892E-01
1.901222E-01
2.245994E-01
2.501628E-01
2.762437E-01
2.908639E-01
3.598452E-01
5.388352E-01
8.369231E-01
1.000320E+00
0.000000E+00
0.000000E+00
1.116274E-01
1.995539E-01
2.364068E-01
2.428702E-01
2.359231E-01
2.068352E-01
1.780983E-01
1.693905E-01
1.962428E-01
2.681382E-01
3.680719E-01
4.208830E-01
4.927149E-01
4.327057E-01
4.954231E-01
8.549978E-01
1.876793E+00
3.949309E+00
0.000000E+00
0.000000E+00
8.242841E-02
1.567069E-01
2.167013E-01
2.773096E-01
3.251011E-01
2.762237E-01
2.186642E-01
2.024547E-01
2.593384E-01
4.261181E-01
7.007850E-01
8.060848E-01
1.193015E+00
7.158090E-01
6.472015E-01
1.252760E+00
4.230005E+00
1.636032E+00
0.000000E+00
0.000000E+00
6.629659E-02
1.388919E-01
2.339045E-01
3.861671E-01
5.685561E-01
4.160152E-01
2.790199E-01
2.326011E-01
3.098240E-01
6.029516E-01
1.268533E+00
1.442548E+00
4.072120E+00
1.173473E+00
6.108469E-01
6.917116E-01
1.136790E+00
5.946960E-01
0.000000E+00
0.000000E+00
5.067981E-02
1.180883E-01
2.407348E-01
5.113540E-01
1.021699E+00
5.603743E-01
3.020726E-01
2.092616E-01
2.369525E-01
3.902102E-01
6.560160E-01
7.531316E-01
1.125797E+00
6.062940E-01
3.806117E-01
3.474204E-01
3.816533E-01
2.204552E-01
0.000000E+00
0.000000E+00
2.757354E-02
6.607982E-02
1.354561E-01
2.662158E-01
4.357463E-01
2.957364E-01
1.739178E-01
1.184741E-01
1.214294E-01
1.752757E-01
2.579482E-01
2.953308E-01
3.464783E-01
2.429478E-01
1.724901E-01
1.455846E-01
1.313057E-01
7.626498E-02
0.000000E+00
0.000000E+00
0.000000E+00
0.000000E+00
0.000000E+00
0.000000E+00
0.000000E+00
0.000000E+00
0.000000E+00
0.000000E+00
0.000000E+00
0.000000E+00
0.000000E+00
0.000000E+00
0.000000E+00
0.000000E+00
0.000000E+00
0.000000E+00
0.000000E+00
0.000000E+00
0.000000E+00
0.000000E+00
0.000000E+00
0.000000E+00
0.000000E+00
0.000000E+00
0.000000E+00
0.000000E+00
0.000000E+00
0.000000E+00
0.000000E+00
0.000000E+00
0.000000E+00
0.000000E+00
0.000000E+00
0.000000E+00
0.000000E+00
0.000000E+00
0.000000E+00
0.000000E+00
0.000000E+00
0.000000E+00
3.918490E-02
8.978211E-02
1.379493E-01
1.109476E-01
8.645308E-02
8.230579E-02
8.887894E-02
9.286429E-02
9.291847E-02
8.776657E-02
7.831414E-02
6.607368E-02
5.396457E-02
4.316842E-02
3.411614E-02
2.670037E-02
1.963304E-02
1.092254E-02
0.000000E+00
0.000000E+00
8.927647E-02
2.260509E-01
3.981283E-01
2.721013E-01
1.943557E-01
1.880269E-01
2.107397E-01
2.157796E-01
2.113513E-01
1.954964E-01
1.707938E-01
1.424868E-01
1.169892E-01
9.462292E-02
7.547762E-02
5.991385E-02
4.505365E-02
2.549910E-02
0.000000E+00
0.000000E+00
1.357616E-01
3.945512E-01
8.921261E-01
4.712063E-01
3.171408E-01
3.387658E-01
4.164060E-01
4.048111E-01
3.822520E-01
3.447896E-01
2.908137E-01
2.401178E-01
2.018501E-01
1.673408E-01
1.349697E-01
1.093239E-01
8.536050E-02
4.894987E-02
0.000000E+00
0.000000E+00
1.055710E-01
2.587572E-01
4.529295E-01
3.683180E-01
3.793899E-01
5.473418E-01
8.006370E-01
6.944363E-01
6.272953E-01
5.672571E-01
4.546285E-01
3.748318E-01
3.339343E-01
2.878540E-01
2.325361E-01
1.938946E-01
1.629368E-01
9.176320E-02
0.000000E+00
0.000000E+00
7.883883E-02
1.637464E-01
2.511446E-01
2.924850E-01
4.249054E-01
7.790496E-01
1.436316E+00
1.037123E+00
9.389720E-01
9.368572E-01
6.935104E-01
5.733660E-01
5.664938E-01
5.113541E-01
4.024785E-01
3.557882E-01
3.574943E-01
1.836566E-01
0.000000E+00
0.000000E+00
8.602038E-02
1.433173E-01
1.907647E-01
2.464317E-01
3.695975E-01
6.158142E-01
9.611856E-01
1.026840E+00
1.296287E+00
1.556202E+00
9.756554E-01
8.273529E-01
9.834456E-01
9.336600E-01
6.792315E-01
6.812243E-01
1.017126E+00
4.138378E-01
0.000000E+00
0.000000E+00
1.582880E-01
1.977241E-01
2.056202E-01
2.344621E-01
3.191918E-01
4.827975E-01
7.175865E-01
9.884099E-01
1.542290E+00
1.206526E+00
8.834603E-01
9.685965E-01
1.583595E+00
1.575244E+00
9.726000E-01
1.221356E+00
3.877649E+00
8.813435E-01
0.000000E+00
0.000000E+00
3.852687E-01
3.606552E-01
2.839224E-01
2.577324E-01
3.021250E-01
4.200047E-01
5.832221E-01
7.046475E-01
8.648915E-01
7.298996E-01
6.061736E-01
6.581403E-01
8.820386E-01
8.801804E-01
6.578938E-01
6.784794E-01
1.022141E+00
4.173474E-01
0.000000E+00
0.000000E+00
9.091868E-01
6.820434E-01
4.256588E-01
3.059668E-01
3.025808E-01
3.941613E-01
5.344484E-01
5.108267E-01
4.959543E-01
4.279798E-01
3.767826E-01
3.910848E-01
4.546058E-01
4.547109E-01
3.896759E-01
3.750953E-01
3.919765E-01
2.042007E-01
0.000000E+00
0.000000E+00
6.954038E-01
1.164214E+00
6.267347E-01
3.597717E-01
2.817745E-01
3.037869E-01
3.562554E-01
3.305602E-01
2.963760E-01
2.586944E-01
2.350657E-01
2.370610E-01
2.563723E-01
2.646982E-01
2.650596E-01
2.862745E-01
2.969417E-01
1.683247E-01
0.000000E+00
0.000000E+00
9.623131E-01
3.894832E+00
1.059094E+00
4.192550E-01
2.544601E-01
2.224631E-01
2.253408E-01
2.084299E-01
1.878285E-01
1.713031E-01
1.638301E-01
1.670132E-01
1.800511E-01
2.026613E-01
2.531687E-01
3.624797E-01
4.928194E-01
2.669512E-01
0.000000E+00
0.000000E+00
4.298016E-01
9.954885E-01
5.442216E-01
3.019339E-01
2.017779E-01
1.657772E-01
1.537221E-01
1.438281E-01
1.385547E-01
1.410200E-01
1.494356E-01
1.579098E-01
1.730188E-01
2.072048E-01
3.039258E-01
5.524694E-01
1.028844E+00
4.891569E-01
0.000000E+00
0.000000E+00
1.814009E-01
3.360033E-01
2.759995E-01
2.058022E-01
1.616743E-01
1.368484E-01
1.244134E-01
1.222287E-01
1.350092E-01
1.658132E-01
2.037204E-01
2.137525E-01
2.249875E-01
2.455400E-01
3.269037E-01
5.189611E-01
7.768586E-01
5.985706E-01
0.000000E+00
0.000000E+00
8.816156E-02
1.562378E-01
1.687563E-01
1.626895E-01
1.526803E-01
1.366604E-01
1.252289E-01
1.324285E-01
1.756095E-01
2.728505E-01
4.054273E-01
3.799552E-01
3.725876E-01
3.384785E-01
3.888555E-01
5.963798E-01
9.575366E-01
1.052728E+00
0.000000E+00
0.000000E+00
5.453851E-02
1.020981E-01
1.363836E-01
1.653219E-01
1.827636E-01
1.650915E-01
1.467577E-01
1.632204E-01
2.616169E-01
5.372766E-01
1.095191E+00
7.589628E-01
7.023445E-01
4.954950E-01
4.580094E-01
6.825101E-01
1.210858E+00
7.214894E-01
0.000000E+00
0.000000E+00
4.070359E-02
8.368122E-02
1.339820E-01
1.980851E-01
2.529763E-01
2.132704E-01
1.718903E-01
1.881892E-01
3.537115E-01
1.025636E+00
3.979981E+00
1.394022E+00
1.261921E+00
6.452948E-01
4.234907E-01
4.540568E-01
5.818783E-01
3.513759E-01
0.000000E+00
0.000000E+00
3.047676E-02
6.832421E-02
1.257116E-01
2.177318E-01
3.210246E-01
2.378284E-01
1.658593E-01
1.548139E-01
2.395247E-01
5.065581E-01
1.057482E+00
7.144739E-01
6.456400E-01
4.065211E-01
2.760141E-01
2.495823E-01
2.521862E-01
1.521430E-01
0.000000E+00
0.000000E+00
1.668063E-02
3.854057E-02
7.267181E-02
1.242088E-01
1.724726E-01
1.368209E-01
9.651750E-02
8.409013E-02
1.124351E-01
1.942062E-01
3.111570E-01
2.744299E-01
2.506638E-01
1.786963E-01
1.280377E-01
1.076968E-01
9.509820E-02
5.621131E-02
0.000000E+00
0.000000E+00
0.000000E+00
0.000000E+00
0.000000E+00
0.000000E+00
0.000000E+00
0.000000E+00
0.000000E+00
0.000000E+00
0.000000E+00
0.000000E+00
0.000000E+00
0.000000E+00
0.000000E+00
0.000000E+00
0.000000E+00
0.000000E+00
0.000000E+00
0.000000E+00
0.000000E+00
0.000000E+00
0.000000E+00
0.000000E+00
0.000000E+00
0.000000E+00
0.000000E+00
0.000000E+00
0.000000E+00
0.000000E+00
0.000000E+00
0.000000E+00
0.000000E+00
0.000000E+00
0.000000E+00
0.000000E+00
0.000000E+00
0.000000E+00
0.000000E+00
0.000000E+00
0.000000E+00
0.000000E+00
3.777907E-02
9.860643E-02
1.775159E-01
1.108421E-01
6.595997E-02
5.206022E-02
5.173176E-02
5.005834E-02
4.707616E-02
4.296717E-02
3.777939E-02
3.207934E-02
2.664861E-02
2.168981E-02
1.734259E-02
1.357196E-02
9.827820E-03
5.329895E-03
0.000000E+00
0.000000E+00
9.832786E-02
3.112131E-01
7.620766E-01
3.383399E-01
1.628944E-01
1.253789E-01
1.323260E-01
1.211924E-01
1.082820E-01
9.592270E-02
8.276054E-02
6.999419E-02
5.882008E-02
4.840169E-02
3.901326E-02
3.095396E-02
2.288899E-02
1.256149E-02
0.000000E+00
0.000000E+00
1.762805E-01
7.600201E-01
3.537782E+00
8.067101E-01
2.940554E-01
2.483105E-01
3.179945E-01
2.510069E-01
2.012200E-01
1.700108E-01
1.427633E-01
1.213169E-01
1.055918E-01
8.836446E-02
7.165705E-02
5.807417E-02
4.465924E-02
2.479134E-02
0.000000E+00
0.000000E+00
1.076435E-01
3.302990E-01
7.950751E-01
4.005544E-01
3.027905E-01
4.757459E-01
9.394164E-01
5.235749E-01
3.460734E-01
2.778716E-01
2.273689E-01
1.997635E-01
1.895972E-01
1.592866E-01
1.274350E-01
1.063694E-01
8.800525E-02
4.877527E-02
0.000000E+00
0.000000E+00
6.062146E-02
1.428727E-01
2.476545E-01
2.305715E-01
3.426951E-01
9.355524E-01
3.753400E+00
1.041410E+00
5.329973E-01
4.259872E-01
3.460287E-01
3.354071E-01
3.864065E-01
3.022904E-01
2.266193E-01
1.973999E-01
1.872921E-01
1.002856E-01
0.000000E+00
0.000000E+00
4.952911E-02
9.063291E-02
1.281768E-01
1.576829E-01
2.480247E-01
4.963116E-01
1.010930E+00
6.617173E-01
5.787904E-01
5.686650E-01
4.804055E-01
5.907299E-01
1.021252E+00
6.056485E-01
3.867670E-01
3.576806E-01
4.273903E-01
2.070613E-01
0.000000E+00
0.000000E+00
7.228220E-02
1.025597E-01
1.143702E-01
1.323133E-01
1.838670E-01
2.916260E-01
4.456989E-01
4.777630E-01
5.577734E-01
5.127712E-01
5.214556E-01
1.027644E+00
3.816595E+00
1.141334E+00
5.481141E-01
5.427223E-01
9.020292E-01
3.526192E-01
0.000000E+00
0.000000E+00
1.413869E-01
1.659888E-01
1.461435E-01
1.365761E-01
1.580129E-01
2.139874E-01
2.877122E-01
3.324192E-01
3.744694E-01
3.504002E-01
3.548160E-01
5.253993E-01
9.847668E-01
5.877344E-01
3.822897E-01
3.628348E-01
4.373018E-01
2.134362E-01
0.000000E+00
0.000000E+00
2.601283E-01
2.866848E-01
2.125397E-01
1.593986E-01
1.510253E-01
1.800653E-01
2.228738E-01
2.330280E-01
2.349497E-01
2.180450E-01
2.141712E-01
2.583783E-01
3.430253E-01
2.847692E-01
2.327337E-01
2.269243E-01
2.326946E-01
1.267080E-01
0.000000E+00
0.000000E+00
2.885434E-01
4.710796E-01
3.104872E-01
1.901335E-01
1.438503E-01
1.433602E-01
1.577073E-01
1.553553E-01
1.469389E-01
1.352805E-01
1.305481E-01
1.411840E-01
1.613877E-01
1.616034E-01
1.709264E-01
2.149182E-01
2.714308E-01
1.415937E-01
0.000000E+00
0.000000E+00
3.767847E-01
8.943185E-01
4.400572E-01
2.148269E-01
1.327707E-01
1.105912E-01
1.078261E-01
1.027363E-01
9.640694E-02
9.127643E-02
9.022437E-02
9.502487E-02
1.064882E-01
1.282395E-01
1.939751E-01
3.876829E-01
8.102940E-01
3.184975E-01
0.000000E+00
0.000000E+00
2.097291E-01
4.067369E-01
2.716311E-01
1.604516E-01
1.060887E-01
8.477486E-02
7.753779E-02
7.408353E-02
7.376322E-02
7.726283E-02
8.322285E-02
8.899567E-02
1.008481E-01
1.367689E-01
2.723267E-01
8.413514E-01
3.593907E+00
7.717702E-01
0.000000E+00
0.000000E+00
9.748375E-02
1.709383E-01
1.462274E-01
1.083421E-01
8.327907E-02
6.984797E-02
6.420454E-02
6.515661E-02
7.471210E-02
9.361017E-02
1.142243E-01
1.192173E-01
1.250291E-01
1.461864E-01
2.260207E-01
4.520602E-01
9.145304E-01
4.220026E-01
0.000000E+00
0.000000E+00
4.720518E-02
8.191299E-02
8.701001E-02
8.137814E-02
7.454110E-02
6.744294E-02
6.432262E-02
7.199997E-02
9.941146E-02
1.530511E-01
2.141314E-01
2.031066E-01
1.901923E-01
1.803067E-01
2.151522E-01
3.245125E-01
4.709865E-01
3.526451E-01
0.000000E+00
0.000000E+00
2.747407E-02
5.056492E-02
6.553768E-02
7.603069E-02
8.110143E-02
7.614628E-02
7.314002E-02
8.868068E-02
1.459489E-01
2.765659E-01
4.625118E-01
3.659201E-01
3.076719E-01
2.369074E-01
2.250061E-01
2.936243E-01
3.944409E-01
2.583149E-01
0.000000E+00
0.000000E+00
1.940434E-02
3.900794E-02
5.962132E-02
8.185260E-02
9.740228E-02
8.913834E-02
8.121787E-02
9.994492E-02
1.859059E-01
4.297483E-01
9.388904E-01
5.547478E-01
4.275848E-01
2.721919E-01
2.025945E-01
2.086821E-01
2.314724E-01
1.458926E-01
0.000000E+00
0.000000E+00
1.409152E-02
3.052782E-02
5.225309E-02
8.043941E-02
1.036956E-01
8.907777E-02
7.349813E-02
8.066210E-02
1.325584E-01
2.589285E-01
4.410757E-01
3.407570E-01
2.758727E-01
1.888179E-01
1.368448E-01
1.225152E-01
1.158085E-01
7.066536E-02
0.000000E+00
0.000000E+00
7.663080E-03
1.712210E-02
3.028165E-02
4.721329E-02
6.015314E-02
5.257569E-02
4.254625E-02
4.332274E-02
6.346866E-02
1.083630E-01
1.606651E-01
1.435610E-01
1.214046E-01
8.868117E-02
6.533857E-02
5.480229E-02
4.696375E-02
2.781447E-02
0.000000E+00
0.000000E+00
0.000000E+00
0.000000E+00
0.000000E+00
0.000000E+00
0.000000E+00
0.000000E+00
0.000000E+00
0.000000E+00
0.000000E+00
0.000000E+00
0.000000E+00
0.000000E+00
0.000000E+00
0.000000E+00
0.000000E+00
0.000000E+00
0.000000E+00
0.000000E+00
0.000000E+00
0.000000E+00
0.000000E+00
0.000000E+00
0.000000E+00
0.000000E+00
0.000000E+00
0.000000E+00
0.000000E+00
0.000000E+00
0.000000E+00
0.000000E+00
0.000000E+00
0.000000E+00
0.000000E+00
0.000000E+00
0.000000E+00
0.000000E+00
0.000000E+00
0.000000E+00
0.000000E+00
0.000000E+00
0.000000E+00
0.000000E+00
0.000000E+00
0.000000E+00
0.000000E+00
0.000000E+00
0.000000E+00
0.000000E+00
0.000000E+00
0.000000E+00
0.000000E+00
0.000000E+00
0.000000E+00
0.000000E+00
0.000000E+00
0.000000E+00
0.000000E+00
0.000000E+00
0.000000E+00
0.000000E+00
0.000000E+00
0.000000E+00
0.000000E+00
0.000000E+00
0.000000E+00
0.000000E+00
0.000000E+00
0.000000E+00
0.000000E+00
0.000000E+00
0.000000E+00
0.000000E+00
0.000000E+00
0.000000E+00
0.000000E+00
0.000000E+00
0.000000E+00
0.000000E+00
0.000000E+00
0.000000E+00
0.000000E+00
0.000000E+00
0.000000E+00
0.000000E+00
0.000000E+00
0.000000E+00
0.000000E+00
0.000000E+00
0.000000E+00
0.000000E+00
0.000000E+00
0.000000E+00
0.000000E+00
0.000000E+00
0.000000E+00
0.000000E+00
0.000000E+00
0.000000E+00
0.000000E+00
0.000000E+00
0.000000E+00
0.000000E+00
0.000000E+00
0.000000E+00
0.000000E+00
0.000000E+00
0.000000E+00
0.000000E+00
0.000000E+00
0.000000E+00
0.000000E+00
0.000000E+00
0.000000E+00
0.000000E+00
0.000000E+00
0.000000E+00
0.000000E+00
0.000000E+00
0.000000E+00
0.000000E+00
0.000000E+00
0.000000E+00
0.000000E+00
0.000000E+00
0.000000E+00
0.000000E+00
0.000000E+00
0.000000E+00
0.000000E+00
0.000000E+00
0.000000E+00
0.000000E+00
0.000000E+00
0.000000E+00
0.000000E+00
0.000000E+00
0.000000E+00
0.000000E+00
0.000000E+00
0.000000E+00
0.000000E+00
0.000000E+00
0.000000E+00
0.000000E+00
0.000000E+00
0.000000E+00
0.000000E+00
0.000000E+00
0.000000E+00
0.000000E+00
0.000000E+00
0.000000E+00
0.000000E+00
0.000000E+00
0.000000E+00
0.000000E+00
0.000000E+00
0.000000E+00
0.000000E+00
0.000000E+00
0.000000E+00
0.000000E+00
0.000000E+00
0.000000E+00
0.000000E+00
0.000000E+00
0.000000E+00
0.000000E+00
0.000000E+00
0.000000E+00
0.000000E+00
0.000000E+00
0.000000E+00
0.000000E+00
0.000000E+00
0.000000E+00
0.000000E+00
0.000000E+00
0.000000E+00
0.000000E+00
0.000000E+00
0.000000E+00
0.000000E+00
0.000000E+00
0.000000E+00
0.000000E+00
0.000000E+00
0.000000E+00
0.000000E+00
0.000000E+00
0.000000E+00
0.000000E+00
0.000000E+00
0.000000E+00
0.000000E+00
0.000000E+00
0.000000E+00
0.000000E+00
0.000000E+00
0.000000E+00
0.000000E+00
0.000000E+00
0.000000E+00
0.000000E+00
0.000000E+00
0.000000E+00
0.000000E+00
0.000000E+00
0.000000E+00
0.000000E+00
0.000000E+00
0.000000E+00
0.000000E+00
0.000000E+00
0.000000E+00
0.000000E+00
0.000000E+00
0.000000E+00
0.000000E+00
0.000000E+00
0.000000E+00
0.000000E+00
0.000000E+00
0.000000E+00
0.000000E+00
0.000000E+00
0.000000E+00
0.000000E+00
0.000000E+00
0.000000E+00
0.000000E+00
0.000000E+00
0.000000E+00
0.000000E+00
0.000000E+00
0.000000E+00
0.000000E+00
0.000000E+00
0.000000E+00
0.000000E+00
0.000000E+00
0.000000E+00
0.000000E+00
0.000000E+00
0.000000E+00
0.000000E+00
0.000000E+00
0.000000E+00
0.000000E+00
0.000000E+00
0.000000E+00
0.000000E+00
0.000000E+00
0.000000E+00
0.000000E+00
0.000000E+00
0.000000E+00
0.000000E+00
0.000000E+00
0.000000E+00
0.000000E+00
0.000000E+00
0.000000E+00
0.000000E+00
0.000000E+00
0.000000E+00
0.000000E+00
0.000000E+00
0.000000E+00
0.000000E+00
0.000000E+00
0.000000E+00
0.000000E+00
0.000000E+00
0.000000E+00
0.000000E+00
0.000000E+00
0.000000E+00
0.000000E+00
0.000000E+00
0.000000E+00
0.000000E+00
0.000000E+00
0.000000E+00
0.000000E+00
0.000000E+00
0.000000E+00
0.000000E+00
0.000000E+00
0.000000E+00
0.000000E+00
0.000000E+00
0.000000E+00
0.000000E+00
0.000000E+00
0.000000E+00
0.000000E+00
0.000000E+00
0.000000E+00
0.000000E+00
0.000000E+00
0.000000E+00
0.000000E+00
0.000000E+00
0.000000E+00
0.000000E+00
0.000000E+00
0.000000E+00
0.000000E+00
0.000000E+00
0.000000E+00
0.000000E+00
0.000000E+00
0.000000E+00
0.000000E+00
0.000000E+00
0.000000E+00
0.000000E+00
0.000000E+00
0.000000E+00
0.000000E+00
0.000000E+00
0.000000E+00
0.000000E+00
0.000000E+00
0.000000E+00
0.000000E+00
0.000000E+00
0.000000E+00
0.000000E+00
0.000000E+00
0.000000E+00
0.000000E+00
0.000000E+00
0.000000E+00
0.000000E+00
0.000000E+00
0.000000E+00
0.000000E+00
0.000000E+00
0.000000E+00
0.000000E+00
0.000000E+00
0.000000E+00
0.000000E+00
0.000000E+00
0.000000E+00
0.000000E+00
0.000000E+00
0.000000E+00
0.000000E+00
0.000000E+00
0.000000E+00
0.000000E+00
0.000000E+00
0.000000E+00
0.000000E+00
0.000000E+00
0.000000E+00
0.000000E+00
0.000000E+00
0.000000E+00
0.000000E+00
0.000000E+00
0.000000E+00
0.000000E+00
0.000000E+00
0.000000E+00
0.000000E+00
0.000000E+00
0.000000E+00
0.000000E+00
0.000000E+00
0.000000E+00
0.000000E+00
0.000000E+00
0.000000E+00
0.000000E+00
0.000000E+00
0.000000E+00
0.000000E+00
0.000000E+00
0.000000E+00
0.000000E+00
0.000000E+00
0.000000E+00
0.000000E+00
0.000000E+00
0.000000E+00
0.000000E+00
0.000000E+00
0.000000E+00
0.000000E+00
0.000000E+00
0.000000E+00
0.000000E+00
0.000000E+00
0.000000E+00
0.000000E+00
0.000000E+00
0.000000E+00
0.000000E+00
0.000000E+00
0.000000E+00
0.000000E+00
0.000000E+00
0.000000E+00
0.000000E+00
0.000000E+00
0.000000E+00
0.000000E+00
0.000000E+00
0.000000E+00
0.000000E+00
0.000000E+00
0.000000E+00
0.000000E+00
0.000000E+00
0.000000E+00
