15 11
0.000000
0.000000
0.000000
0.000000
0.000000
0.000000
0.000000
0.000000
0.000000
0.000000
0.000000
0.000000
0.447439
1.199271
1.260274
1.884097
1.096025
0.770617
0.879014
1.316519
0.625584
0.000000
0.000000
0.469675
1.092034
1.723907
2.854928
1.769009
1.464196
2.033516
4.986697
1.621156
0.000000
0.000000
0.474997
1.046917
1.619238
1.961305
1.753807
1.952082
2.300660
3.008986
1.878505
0.000000
0.000000
0.579201
1.320725
1.986645
1.745934
1.910807
2.762139
2.711007
2.004088
1.126551
0.000000
0.000000
0.682307
1.621270
1.577324
1.492702
1.802882
2.600239
2.095599
1.443521
0.761844
0.000000
0.000000
0.512986
1.074637
1.301835
1.427110
1.686460
2.101867
1.944775
1.502614
0.813250
0.000000
0.000000
0.472828
1.044793
1.649255
1.961520
2.271552
3.040112
3.154139
2.715104
1.423898
0.000000
0.000000
0.563452
1.422752
2.843112
3.555144
3.808367
7.047226
7.539957
6.923146
2.781197
0.000000
0.000000
0.633656
1.705630
3.861890
7.441229
4.768959
4.041301
3.985465
4.133821
2.262446
0.000000
0.000000
0.645999
1.953751
5.944042
4.458698
3.862585
2.894550
2.783840
3.232233
2.357324
0.000000
0.000000
0.447791
1.170957
2.432475
3.007025
2.589295
2.084079
2.063276
2.071559
1.836617
0.000000
0.000000
0.259564
0.628366
1.174752
1.727823
2.169728
1.715679
1.898079
1.313899
0.872533
0.000000
0.000000
0.119481
0.290531
0.595247
1.327826
4.228689
1.409610
0.921407
0.590785
0.338163
0.000000
0.000000
0.000000
0.000000
0.000000
0.000000
0.000000
0.000000
0.000000
0.000000
0.000000
0.000000
