15 11 5
1.000000E-09 1.000000E-09 1.000000E-09
0.000000E+00
0.000000E+00
0.000000E+00
0.000000E+00
0.000000E+00
0.000000E+00
0.000000E+00
0.000000E+00
0.000000E+00
0.000000E+00
0.000000E+00
0.000000E+00
0.000000E+00
0.000000E+00
0.000000E+00
0.000000E+00
0.000000E+00
0.000000E+00
0.000000E+00
0.000000E+00
0.000000E+00
0.000000E+00
0.000000E+00
0.000000E+00
0.000000E+00
0.000000E+00
0.000000E+00
0.000000E+00
0.000000E+00
0.000000E+00
0.000000E+00
0.000000E+00
0.000000E+00
0.000000E+00
0.000000E+00
0.000000E+00
0.000000E+00
0.000000E+00
0.000000E+00
0.000000E+00
0.000000E+00
0.000000E+00
0.000000E+00
0.000000E+00
0.000000E+00
0.000000E+00
0.000000E+00
0.000000E+00
0.000000E+00
0.000000E+00
0.000000E+00
0.000000E+00
0.000000E+00
0.000000E+00
0.000000E+00
0.000000E+00
0.000000E+00
0.000000E+00
0.000000E+00
0.000000E+00
0.000000E+00
0.000000E+00
0.000000E+00
0.000000E+00
0.000000E+00
0.000000E+00
0.000000E+00
0.000000E+00
0.000000E+00
0.000000E+00
0.000000E+00
0.000000E+00
0.000000E+00
0.000000E+00
0.000000E+00
0.000000E+00
0.000000E+00
0.000000E+00
0.000000E+00
0.000000E+00
0.000000E+00
0.000000E+00
0.000000E+00
0.000000E+00
0.000000E+00
0.000000E+00
0.000000E+00
0.000000E+00
0.000000E+00
0.000000E+00
0.000000E+00
0.000000E+00
0.000000E+00
0.000000E+00
0.000000E+00
0.000000E+00
0.000000E+00
0.000000E+00
0.000000E+00
0.000000E+00
0.000000E+00
0.000000E+00
0.000000E+00
0.000000E+00
0.000000E+00
0.000000E+00
0.000000E+00
0.000000E+00
0.000000E+00
0.000000E+00
0.000000E+00
0.000000E+00
0.000000E+00
0.000000E+00
0.000000E+00
0.000000E+00
0.000000E+00
0.000000E+00
0.000000E+00
0.000000E+00
0.000000E+00
0.000000E+00
0.000000E+00
0.000000E+00
0.000000E+00
0.000000E+00
0.000000E+00
0.000000E+00
0.000000E+00
0.000000E+00
0.000000E+00
0.000000E+00
0.000000E+00
0.000000E+00
0.000000E+00
0.000000E+00
0.000000E+00
0.000000E+00
0.000000E+00
0.000000E+00
0.000000E+00
0.000000E+00
0.000000E+00
0.000000E+00
0.000000E+00
0.000000E+00
0.000000E+00
0.000000E+00
0.000000E+00
0.000000E+00
0.000000E+00
0.000000E+00
0.000000E+00
0.000000E+00
0.000000E+00
0.000000E+00
0.000000E+00
0.000000E+00
0.000000E+00
0.000000E+00
0.000000E+00
0.000000E+00
0.000000E+00
0.000000E+00
0.000000E+00
0.000000E+00
0.000000E+00
0.000000E+00
0.000000E+00
0.000000E+00
0.000000E+00
0.000000E+00
0.000000E+00
0.000000E+00
0.000000E+00
0.000000E+00
0.000000E+00
0.000000E+00
0.000000E+00
0.000000E+00
0.000000E+00
3.165769E-02
7.410751E-02
1.456010E-01
2.662753E-01
4.132565E-01
3.282313E-01
4.601044E-01
1.274293E+00
4.687062E+00
1.867185E+00
6.741940E-01
2.773408E-01
1.073946E-01
0.000000E+00
0.000000E+00
7.557150E-02
1.743227E-01
3.450600E-01
6.469314E-01
1.056443E+00
6.349274E-01
7.069044E-01
1.664941E+00
5.367798E+00
1.889862E+00
8.718577E-01
5.314983E-01
2.403790E-01
0.000000E+00
0.000000E+00
1.466824E-01
3.287362E-01
6.580275E-01
1.190669E+00
9.036157E-01
6.223627E-01
6.388220E-01
1.026377E+00
1.663319E+00
1.118317E+00
1.012230E+00
1.214008E+00
5.395662E-01
0.000000E+00
0.000000E+00
2.605765E-01
5.725633E-01
1.354636E+00
4.058564E+00
1.306561E+00
7.240604E-01
5.784932E-01
6.253695E-01
7.402952E-01
7.901301E-01
1.382974E+00
4.227707E+00
1.245208E+00
0.000000E+00
0.000000E+00
3.878320E-01
7.552249E-01
1.517683E+00
1.622262E+00
1.147322E+00
9.556347E-01
6.795235E-01
5.119655E-01
4.849178E-01
6.005774E-01
1.046141E+00
2.066268E+00
1.421058E+00
0.000000E+00
0.000000E+00
4.292703E-01
1.212491E+00
4.286128E+00
1.815972E+00
1.546094E+00
1.568659E+00
9.197339E-01
5.366825E-01
4.364357E-01
5.235637E-01
7.266531E-01
9.725545E-01
7.549834E-01
0.000000E+00
0.000000E+00
4.443855E-01
1.039690E+00
2.238052E+00
1.774062E+00
1.801392E+00
1.188138E+00
7.039609E-01
4.650215E-01
4.770520E-01
6.818958E-01
7.790103E-01
6.164100E-01
3.834285E-01
0.000000E+00
0.000000E+00
6.762274E-01
1.524204E+00
5.008184E+00
2.365642E+00
1.341091E+00
7.641238E-01
4.628306E-01
3.945417E-01
6.368678E-01
1.340734E+00
1.305846E+00
6.087705E-01
2.530211E-01
0.000000E+00
0.000000E+00
9.887438E-01
1.367383E+00
4.446823E+00
1.504834E+00
7.722738E-01
4.065914E-01
2.502837E-01
2.935009E-01
8.335055E-01
3.636636E+00
1.058488E+00
3.771058E-01
1.338592E-01
0.000000E+00
0.000000E+00
0.000000E+00
0.000000E+00
0.000000E+00
0.000000E+00
0.000000E+00
0.000000E+00
0.000000E+00
0.000000E+00
0.000000E+00
0.000000E+00
0.000000E+00
0.000000E+00
0.000000E+00
0.000000E+00
0.000000E+00
0.000000E+00
0.000000E+00
0.000000E+00
0.000000E+00
0.000000E+00
0.000000E+00
0.000000E+00
0.000000E+00
0.000000E+00
0.000000E+00
0.000000E+00
0.000000E+00
0.000000E+00
0.000000E+00
0.000000E+00
4.818156E-02
1.115905E-01
2.245632E-01
4.584317E-01
9.319036E-01
5.431575E-01
5.662240E-01
1.152223E+00
2.689731E+00
4.418791E+00
1.197329E+00
4.202930E-01
1.534964E-01
0.000000E+00
0.000000E+00
1.196591E-01
2.660420E-01
5.317421E-01
1.184875E+00
4.004037E+00
1.254355E+00
1.019357E+00
2.030511E+00
5.548424E+00
2.586478E+00
1.341326E+00
7.182789E-01
3.239098E-01
0.000000E+00
0.000000E+00
2.518805E-01
5.030053E-01
8.935710E-01
1.174542E+00
1.471563E+00
9.883413E-01
1.058501E+00
1.822403E+00
2.142958E+00
1.633942E+00
1.739281E+00
1.276550E+00
6.726939E-01
0.000000E+00
0.000000E+00
5.215254E-01
8.793468E-01
1.659639E+00
1.796768E+00
1.332442E+00
1.062326E+00
9.478071E-01
1.051429E+00
1.063108E+00
1.096149E+00
1.567378E+00
2.419581E+00
1.594216E+00
0.000000E+00
0.000000E+00
9.788785E-01
1.029586E+00
1.467267E+00
1.599596E+00
1.740213E+00
1.853152E+00
1.281194E+00
8.732910E-01
7.414626E-01
9.088558E-01
1.761912E+00
5.246713E+00
4.815152E+00
0.000000E+00
0.000000E+00
6.382304E-01
1.067759E+00
1.908972E+00
2.121278E+00
3.329741E+00
5.194517E+00
2.259511E+00
1.021109E+00
7.055068E-01
8.267110E-01
1.220312E+00
1.914151E+00
1.941606E+00
0.000000E+00
0.000000E+00
6.322212E-01
1.078932E+00
1.879761E+00
2.866831E+00
5.409313E+00
2.587728E+00
1.364031E+00
7.941470E-01
7.613543E-01
1.141489E+00
1.538009E+00
1.108799E+00
7.720133E-01
0.000000E+00
0.000000E+00
1.269088E+00
1.434789E+00
2.631301E+00
5.157091E+00
2.678389E+00
1.377123E+00
7.797809E-01
6.076651E-01
9.345908E-01
2.118342E+00
4.374533E+00
1.252433E+00
4.553240E-01
0.000000E+00
0.000000E+00
4.136038E+00
1.586371E+00
1.817116E+00
1.820475E+00
1.574194E+00
7.545149E-01
4.013506E-01
3.560493E-01
6.424046E-01
1.401121E+00
1.295963E+00
5.557934E-01
2.064928E-01
0.000000E+00
0.000000E+00
0.000000E+00
0.000000E+00
0.000000E+00
0.000000E+00
0.000000E+00
0.000000E+00
0.000000E+00
0.000000E+00
0.000000E+00
0.000000E+00
0.000000E+00
0.000000E+00
0.000000E+00
0.000000E+00
0.000000E+00
0.000000E+00
0.000000E+00
0.000000E+00
0.000000E+00
0.000000E+00
0.000000E+00
0.000000E+00
0.000000E+00
0.000000E+00
0.000000E+00
0.000000E+00
0.000000E+00
0.000000E+00
0.000000E+00
0.000000E+00
3.822747E-02
8.454650E-02
1.561550E-01
2.575814E-01
4.055150E-01
3.140204E-01
3.640584E-01
6.406317E-01
1.004320E+00
1.181592E+00
6.286997E-01
2.803862E-01
1.077553E-01
0.000000E+00
0.000000E+00
1.061937E-01
2.224426E-01
4.092776E-01
5.897819E-01
1.030964E+00
6.498966E-01
7.544892E-01
1.483347E+00
1.765044E+00
1.333142E+00
1.270066E+00
5.956660E-01
2.395882E-01
0.000000E+00
0.000000E+00
2.833812E-01
5.242066E-01
1.057863E+00
8.034398E-01
7.942918E-01
7.080261E-01
1.198898E+00
4.080243E+00
1.662294E+00
1.528956E+00
4.039078E+00
1.214593E+00
4.700949E-01
0.000000E+00
0.000000E+00
8.888516E-01
1.209599E+00
3.981151E+00
1.405020E+00
9.503312E-01
7.937358E-01
8.918514E-01
1.239450E+00
8.721332E-01
8.875184E-01
1.396215E+00
1.209819E+00
8.112176E-01
0.000000E+00
0.000000E+00
3.540817E+00
1.286436E+00
1.454947E+00
1.249684E+00
1.614081E+00
1.348314E+00
1.394180E+00
8.509083E-01
5.984617E-01
6.535364E-01
1.022551E+00
1.719764E+00
1.795979E+00
0.000000E+00
0.000000E+00
8.808116E-01
8.052787E-01
1.108879E+00
1.736879E+00
4.799463E+00
2.771812E+00
4.341359E+00
1.212793E+00
6.223451E-01
6.672160E-01
8.595131E-01
1.473462E+00
3.878736E+00
0.000000E+00
0.000000E+00
5.207462E-01
6.891062E-01
1.024420E+00
1.576189E+00
2.449001E+00
1.640175E+00
1.400069E+00
7.442376E-01
7.056785E-01
1.207995E+00
9.884162E-01
8.369745E-01
9.359262E-01
0.000000E+00
0.000000E+00
1.052525E+00
8.775363E-01
1.148690E+00
1.774052E+00
1.881117E+00
1.042481E+00
6.606304E-01
5.387967E-01
1.074559E+00
4.047167E+00
1.735110E+00
7.244874E-01
3.618146E-01
0.000000E+00
0.000000E+00
3.910909E+00
1.159491E+00
8.720053E-01
1.324735E+00
3.813061E+00
9.564591E-01
3.678124E-01
2.803873E-01
4.897619E-01
1.063661E+00
7.098317E-01
3.417146E-01
1.456035E-01
0.000000E+00
0.000000E+00
0.000000E+00
0.000000E+00
0.000000E+00
0.000000E+00
0.000000E+00
0.000000E+00
0.000000E+00
0.000000E+00
0.000000E+00
0.000000E+00
0.000000E+00
0.000000E+00
0.000000E+00
0.000000E+00
0.000000E+00
0.000000E+00
0.000000E+00
0.000000E+00
0.000000E+00
0.000000E+00
0.000000E+00
0.000000E+00
0.000000E+00
0.000000E+00
0.000000E+00
0.000000E+00
0.000000E+00
0.000000E+00
0.000000E+00
0.000000E+00
0.000000E+00
0.000000E+00
0.000000E+00
0.000000E+00
0.000000E+00
0.000000E+00
0.000000E+00
0.000000E+00
0.000000E+00
0.000000E+00
0.000000E+00
0.000000E+00
0.000000E+00
0.000000E+00
0.000000E+00
0.000000E+00
0.000000E+00
0.000000E+00
0.000000E+00
0.000000E+00
0.000000E+00
0.000000E+00
0.000000E+00
0.000000E+00
0.000000E+00
0.000000E+00
0.000000E+00
0.000000E+00
0.000000E+00
0.000000E+00
0.000000E+00
0.000000E+00
0.000000E+00
0.000000E+00
0.000000E+00
0.000000E+00
0.000000E+00
0.000000E+00
0.000000E+00
0.000000E+00
0.000000E+00
0.000000E+00
0.000000E+00
0.000000E+00
0.000000E+00
0.000000E+00
0.000000E+00
0.000000E+00
0.000000E+00
0.000000E+00
0.000000E+00
0.000000E+00
0.000000E+00
0.000000E+00
0.000000E+00
0.000000E+00
0.000000E+00
0.000000E+00
0.000000E+00
0.000000E+00
0.000000E+00
0.000000E+00
0.000000E+00
0.000000E+00
0.000000E+00
0.000000E+00
0.000000E+00
0.000000E+00
0.000000E+00
0.000000E+00
0.000000E+00
0.000000E+00
0.000000E+00
0.000000E+00
0.000000E+00
0.000000E+00
0.000000E+00
0.000000E+00
0.000000E+00
0.000000E+00
0.000000E+00
0.000000E+00
0.000000E+00
0.000000E+00
0.000000E+00
0.000000E+00
0.000000E+00
0.000000E+00
0.000000E+00
0.000000E+00
0.000000E+00
0.000000E+00
0.000000E+00
0.000000E+00
0.000000E+00
0.000000E+00
0.000000E+00
0.000000E+00
0.000000E+00
0.000000E+00
0.000000E+00
0.000000E+00
0.000000E+00
0.000000E+00
0.000000E+00
0.000000E+00
0.000000E+00
0.000000E+00
0.000000E+00
0.000000E+00
0.000000E+00
0.000000E+00
0.000000E+00
0.000000E+00
0.000000E+00
0.000000E+00
0.000000E+00
0.000000E+00
0.000000E+00
0.000000E+00
0.000000E+00
0.000000E+00
0.000000E+00
0.000000E+00
0.000000E+00
0.000000E+00
0.000000E+00
0.000000E+00
0.000000E+00
0.000000E+00
0.000000E+00
0.000000E+00
0.000000E+00
0.000000E+00
0.000000E+00
0.000000E+00
0.000000E+00
0.000000E+00
0.000000E+00
0.000000E+00
0.000000E+00
0.000000E+00
0.000000E+00
0.000000E+00
0.000000E+00
0.000000E+00
0.000000E+00
0.000000E+00
0.000000E+00
